p3-simplify/brunsdem.asc
ncols         387
nrows         532
xllcorner     419688.56395223
yllcorner     4858364.4576917
cellsize      26.33763506777
NODATA_value  -9999
[rows 377 to 405 of 532, columns 260 to 324 of 387]
14.78697 14.76659 15.11029 15.08208 15.08257 15.98412 16.06322 15.04018 14.82694 14.64224 14.43058 14.43058 14.45753 14.43525 14.7276 14.38368 14.35928 13.82231 13.84972 13.88688 14.12368 14.67916 14.91683 15.04019 14.78761 14.70404 14.68074 14.43791 14.4021 13.798 13.55166 13.57259 13.47043 13.24651 13.24482 13.51617 13.51617 13.51617 13.31321 13.14531 12.70983 12.68952 12.75071 12.90656 12.90656 12.90656 12.90656 12.90656 12.96463 13.0539 13.21136 13.11489 13.0139 13.00742 13.16751 13.21136 13.24576 13.33823 13.34853 13.49491 13.88452 13.98578 14.5013 15.02308 15.49932
14.78697 15.03077 15.11029 15.08208 15.08257 15.98412 16.06322 15.04018 14.82694 14.64224 14.43058 14.43058 14.45753 14.43525 14.7276 14.79072 14.66931 14.1261 14.04554 14.16191 14.1333 14.91833 15.04019 15.04018 14.79709 14.63145 14.45302 14.43695 14.22956 13.88581 13.86336 13.88593 13.78373 13.55877 13.56066 13.59964 13.55185 13.53424 13.3701 13.26439 13.01292 13.00362 13.00286 12.96012 12.93173 12.96516 12.99219 13.00998 13.12699 13.21136 13.23302 13.27493 13.21136 13.21136 13.21136 13.27764 13.38929 13.51617 13.51617 13.51752 13.51617 13.41289 13.73129 14.33189 14.73076
14.45298 14.73538 14.82812 15.04019 15.04019 15.04019 15.04018 14.7394 14.51286 14.44707 14.43434 14.4611 14.77369 14.74235 15.01425 15.04018 14.94318 14.42876 14.38061 14.46724 14.4408 14.95435 15.04019 15.04019 14.80265 14.73538 14.69614 14.45112 14.43058 14.39 14.15601 14.12578 14.04937 13.87263 13.87208 13.82097 13.79587 13.61323 13.5573 13.41937 13.21136 13.21136 13.21136 13.18587 13.03758 13.12886 13.21136 13.21136 13.27801 13.33105 13.3549 13.36698 13.21136 13.21136 13.30904 13.36254 13.40784 13.41175 13.36376 13.28472 13.10507 12.73087 12.64738 12.80397 12.8976
15.01719 14.94806 15.04019 15.04019 15.04019 15.01409 14.94744 14.46323 14.51191 14.55664 14.74295 15.01967 15.04019 15.04019 15.04019 15.00742 14.93496 14.4534 14.80467 14.761 14.74139 14.9815 15.04019 15.04019 14.81058 14.73538 14.69315 14.46061 14.43058 14.3657 14.18977 14.15946 14.12577 14.12577 14.12578 13.87993 13.82097 13.82097 13.63618 13.41995 13.21136 13.21136 13.21136 13.23363 13.28959 13.33851 13.21136 13.21136 13.36892 13.51617 13.51617 13.44098 13.35679 13.36376 13.47133 13.44844 13.40699 13.42284 13.30662 13.1428 12.96021 12.50184 12.23369 12.04718 11.99215
14.73538 14.88378 14.97232 15.03563 15.02685 14.81878 14.73538 14.74925 14.94878 15.04019 15.04018 15.04019 15.04019 15.04019 15.04019 14.91611 14.77753 14.75137 15.04019 15.00851 14.77219 14.99595 15.04018 15.04019 14.86209 14.78022 14.68982 14.46469 14.38061 14.20006 14.35902 14.19065 14.12577 14.12578 14.06771 13.95905 13.82097 13.82097 13.5777 13.34958 13.21136 13.21136 13.25253 13.34708 13.47648 13.51617 13.43974 13.38995 13.50795 13.6617 13.6598 13.66857 13.67568 13.67719 13.79842 13.84159 13.82919 13.6923 13.63185 13.1428 12.96021 12.50184 12.23369 12.04718 11.99215
14.72732 14.54618 14.53428 14.73538 14.73538 14.76591 14.77821 15.01732 15.04019 15.04019 15.04019 15.04019 15.04019 15.04019 15.04019 15.04018 15.05723 15.05725 15.11801 15.0747 15.05015 15.04019 15.04018 15.04019 15.04019 14.91768 14.68642 14.47164 14.2816 14.37966 14.17732 14.12577 14.12578 14.12577 14.00981 13.89096 13.79731 13.74275 13.41485 13.21136 13.21136 13.28641 13.39345 13.34708 13.47648 13.51044 13.43974 13.38995 13.50795 13.6617 13.6598 13.66857 13.67568 13.67719 13.79842 13.84159 13.82919 13.6923 13.63185 13.49308 13.18312 12.94547 12.47778 12.43292 12.50072
14.44426 14.69712 14.78042 14.74144 14.75687 14.94822 15.04019 15.04019 15.07327 15.08523 15.04915 15.05573 15.04018 15.04019 15.04019 15.07713 15.12208 15.3322 15.34499 15.31323 15.09882 15.06839 15.04019 15.00146 14.95705 14.86837 14.68814 14.47576 14.2816 14.37966 14.17732 14.12577 14.12578 14.12577 14.00981 13.89096 13.79731 13.74275 13.41485 13.21136 13.21136 13.28641 13.39345 13.51617 13.51617 13.70678 13.79515 13.82097 13.82097 13.82097 13.82097 13.98362 13.99497 13.99896 14.08332 14.12577 14.20477 14.06588 13.9313 13.7351 13.49533 13.40789 13.29703 13.46028 13.48053
15.04018 15.04019 15.04019 15.04018 15.04019 15.04018 15.05862 15.08059 15.2419 15.34499 15.34499 15.1283 15.04018 15.04019 15.04019 15.07713 15.12208 15.3322 15.34499 15.31323 15.09882 15.06839 15.04019 15.00146 14.95705 14.86837 14.68814 14.47576 14.43058 14.40194 14.24237 14.169 14.12577 14.12578 14.12577 13.98163 13.69127 13.55604 13.34409 13.21136 13.21136 13.30291 13.46213 13.65102 13.66159 13.82097 13.82097 14.03784 14.05449 13.98763 13.99075 14.12577 14.16439 14.28282 14.30844 14.30406 14.406 14.35689 14.26525 14.14409 13.81188 13.84281 14.04146 14.42386 14.56761
15.04018 15.04019 15.04019 15.04018 15.04019 15.04018 15.05862 15.08059 15.2419 15.34499 15.34499 15.1283 15.05971 15.0606 15.10451 15.22469 15.34499 15.34499 15.34499 15.32444 15.30658 15.09521 15.04019 14.77937 14.73538 14.73538 14.70504 14.54269 14.53992 14.50283 14.45759 14.3145 14.19969 14.12577 13.97793 13.75949 13.4905 13.42123 13.28389 13.16765 13.06583 13.06406 13.18966 13.43919 13.61979 13.86387 13.96397 14.08383 14.20439 14.307 14.31247 14.20117 14.35226 14.4064 14.43058 14.43058 14.43058 14.56807 14.62964 14.61746 14.55163 14.50514 14.42841 14.6682 15.20956
15.04019 15.04019 15.0599 15.05413 15.07296 15.10848 15.34499 15.34499 15.34499 15.34499 15.34499 15.34499 15.13284 15.32902 15.34499 15.34499 15.34499 15.34499 15.34499 15.29151 15.08317 15.04019 15.04018 14.84602 14.83916 14.79984 14.73538 14.73538 14.73538 14.6806 14.49699 14.43058 14.37481 14.16869 13.66219 13.51617 13.48873 13.39126 13.35864 13.26816 13.05896 13.06405 13.10721 13.18631 13.43195 13.85839 13.91468 14.20353 14.36287 14.43058 14.43058 14.36524 14.43058 14.43058 14.57082 14.62916 14.66003 14.69503 14.73538 14.76217 14.95187 14.94852 14.9471 14.96823 15.94236
15.04019 15.07579 15.14353 15.34499 15.34499 15.34499 15.34499 15.34499 15.34499 15.34499 15.34499 15.38681 15.38712 15.35853 15.34499 15.34499 15.36676 15.43674 15.35467 15.23225 15.06827 15.04018 15.04018 15.04019 15.04018 14.97465 14.83931 14.84873 14.73538 14.70552 14.59768 14.48832 14.33527 14.07678 13.583 13.5639 13.64208 13.5582 13.51617 13.42993 13.21136 13.21136 13.21136 13.21136 13.29334 13.70968 13.97031 14.15863 14.32508 14.43058 14.43058 14.43058 14.43058 14.43058 14.63684 14.73538 14.94992 14.94915 14.95396 15.04747 15.48224 15.91375 16.35509 16.33288 17.57558
15.05534 15.20262 15.34499 15.34499 15.34499 15.34499 15.34499 15.34499 15.34499 15.36746 15.37761 15.60059 15.6127 15.4243 15.37982 15.34499 15.40299 15.58706 15.38525 15.13237 15.12949 15.0834 15.04019 15.04018 15.04019 15.04019 15.04019 15.04019 14.73538 14.70785 14.63292 14.41319 14.13712 13.82097 13.65715 13.60883 13.79592 13.72248 13.68376 13.28571 13.21136 13.21136 13.21136 13.21136 13.21136 13.61714 13.84428 14.07099 14.25767 14.43058 14.43058 14.63396 14.66356 14.66652 14.69969 14.8061 14.94992 14.94915 14.95396 15.04747 15.48224 15.91375 16.35509 16.33288 17.57558
15.3329 15.23632 15.34499 15.34499 15.34499 15.34499 15.37738 15.37109 15.39043 15.45123 15.62886 15.64979 15.64979 15.64979 15.50174 15.45244 15.44011 15.40833 15.34499 15.34499 15.34499 15.22129 15.16522 15.06996 15.04019 15.04019 15.04019 15.04019 14.73538 14.65174 14.39169 14.19222 14.0309 13.82097 13.7464 13.72959 13.82097 13.82097 13.82097 13.47768 13.40133 13.21136 13.21136 13.21136 13.21136 13.61714 13.84428 14.07099 14.25767 14.43058 14.57985 14.63396 14.66356 14.66652 14.69969 14.8061 15.46221 15.92409 16.35732 17.20141 17.62893 19.05939 19.24265 18.23637 19.56651
15.34499 15.34499 15.34499 15.34499 15.34499 15.38907 15.63146 15.47731 15.53891 15.64979 15.64979 15.64979 15.64979 15.64979 15.64979 15.60067 15.5169 15.34499 15.34499 15.34499 15.34499 15.34499 15.29511 15.07512 15.04018 15.04019 15.04019 15.04019 14.73538 14.65174 14.39169 14.19222 14.0309 13.82097 13.7464 13.72959 13.82097 13.82097 13.82097 13.47768 13.40133 13.30576 13.21136 13.21136 13.21136 13.5445 13.57574 13.974 14.25273 14.46276 14.69899 14.73538 14.73538 14.73538 14.73538 14.83787 16.26187 17.63249 19.01787 21.12444 22.92409 22.28348 21.48442 20.41766 21.36159
15.34499 15.39036 15.41833 15.40126 15.42407 15.54374 15.64979 15.64979 15.64979 15.64979 15.64979 15.64979 15.64979 15.64979 15.64979 15.60067 15.5169 15.34499 15.34499 15.34499 15.34499 15.34499 15.29511 15.07512 15.04018 15.04018 15.04018 15.04019 14.68689 14.49222 14.24125 14.12578 14.0339 13.84732 13.90438 13.82097 13.82097 13.82097 13.91095 13.76743 13.42421 13.27252 13.21136 13.21136 13.36555 13.55158 13.72255 13.8415 14.04148 14.26834 14.73538 14.73538 14.75952 14.9617 14.96191 15.06071 17.09455 19.51484 21.30289 22.40548 23.6716 23.48553 22.81127 21.02177 22.27522
15.34499 15.39036 15.41833 15.40126 15.42407 15.54374 15.64979 15.64979 15.64979 15.64979 15.64979 15.64979 15.67821 15.72853 15.62303 15.50659 15.42989 15.34499 15.34499 15.34499 15.34499 15.25885 15.147 15.04019 15.04019 15.04019 15.04019 15.04019 14.64155 14.37776 14.20449 14.12577 14.08553 14.03886 14.0642 13.96716 13.84568 13.96645 14.06778 13.86343 13.69427 13.52283 13.43345 13.45068 13.48306 13.7736 13.80574 13.82097 14.01517 14.4098 14.66822 14.80312 15.01244 15.02611 15.35948 15.85096 19.31271 20.89495 22.17088 22.98513 23.76391 24.55501 24.37656 22.70107 23.27291
15.37195 15.48948 15.64979 15.64979 15.64979 15.64979 15.64979 15.64979 15.70443 15.72246 15.67378 15.70426 15.77021 15.83147 15.59983 15.54697 15.61701 15.40147 15.34499 15.31495 15.22666 15.10026 15.04019 15.04019 15.04019 15.04019 15.04019 15.04019 14.64636 14.381 14.20369 14.12578 14.12578 14.12577 14.12578 14.09389 14.06645 14.09056 14.0332 13.83727 13.97986 13.89593 13.71849 13.5381 13.51617 13.82097 13.82097 13.82097 13.96364 14.18745 14.47127 14.65164 15.05597 15.2913 16.15751 17.33057 21.35304 22.19396 23.02921 23.86897 24.37732 26.15296 26.54459 24.30503 25.26713
15.48177 15.54013 15.64979 15.64979 15.64979 15.64979 15.64979 15.64979 15.78449 15.88713 15.70538 15.71837 15.7905 15.68138 15.64979 15.64979 15.64979 15.46781 15.28841 15.1549 15.07447 15.04019 15.04019 15.04018 15.04019 15.04019 15.01328 14.89267 14.65019 14.40892 14.35812 14.2149 14.12577 14.12577 14.21896 14.34412 14.35986 14.01856 13.87349 13.82097 13.70577 13.7438 13.83208 14.02126 13.80534 13.84475 14.06584 14.05544 14.15731 14.40966 14.5957 14.78571 15.08204 15.81894 17.28957 18.87751 22.42899 23.04846 23.67794 24.49509 25.519 28.2296 30.49944 27.07653 28.1227
15.64979 15.70227 15.75418 15.74337 15.76546 15.77193 15.76005 15.6965 15.72329 15.78953 15.68082 15.64979 15.64979 15.64979 15.55761 15.49739 15.48913 15.40445 15.23522 15.04018 15.04019 15.04018 15.04019 15.04019 15.04019 14.9882 14.80769 14.76704 14.49831 14.43058 14.43058 14.3779 14.30068 14.29523 14.3808 14.39255 14.19672 14.10737 14.13013 13.85675 13.77649 13.77809 13.86036 14.09473 14.08616 14.10294 14.1155 14.12578 14.22245 14.4431 14.70779 14.70185 14.51958 16.08381 17.28957 18.87751 22.42899 23.04846 23.67794 24.49509 25.519 28.2296 30.49944 27.07653 28.1227
15.68724 15.78381 15.9546 15.9546 15.9546 15.9546 15.9546 15.75667 15.70858 15.75443 15.6795 15.64979 15.64979 15.64979 15.46866 15.34499 15.34499 15.34499 15.23867 15.04019 15.04018 15.04019 15.04019 15.04019 15.04018 14.95222 14.73538 14.73538 14.59678 14.4531 14.43058 14.43058 14.44448 14.45105 14.33862 14.17075 14.13978 14.29472 14.13013 13.85675 13.77649 13.77809 13.86036 14.09473 14.05292 14.10294 14.1155 14.12578 14.22245 14.4431 14.70779 14.70185 14.51958 16.08381 18.21986 20.10418 23.39713 23.63719 24.05424 25.10336 26.16156 28.53754 31.18976 29.94916 29.74256
15.82344 15.85145 15.9546 15.9546 15.9546 15.9546 15.9546 15.85318 15.86137 15.88908 15.71328 15.64979 15.64979 15.64979 15.47166 15.34499 15.34499 15.34499 15.24299 15.04018 15.04018 15.04018 15.04019 15.04019 15.04018 14.95222 14.73538 14.73538 14.59678 14.4531 14.43058 14.43058 14.44448 14.45105 14.33862 14.17075 14.13978 14.29472 14.3838 13.8821 13.82097 13.82097 13.83364 13.84539 14.12577 14.10912 13.86808 14.21765 14.46109 14.72362 14.73538 14.71496 14.76369 15.58316 18.4525 24.17061 24.8769 24.42318 24.35677 25.41001 26.47953 30.05736 31.49508 30.16698 28.87099
15.9546 15.9546 15.9546 15.9546 15.95459 15.95459 15.9546 15.85318 15.86137 15.88908 15.71328 15.64979 15.64979 15.64979 15.47166 15.34499 15.34499 15.34499 15.24299 15.04018 15.04018 15.04018 14.82111 14.83354 14.84387 14.79878 14.73538 14.73538 14.48492 14.44471 14.43058 14.5323 14.68995 14.33302 14.17026 14.15705 14.37153 14.40166 14.43058 14.1291 13.88647 13.82097 13.82097 13.82097 14.19342 14.4037 14.3903 14.21056 14.32261 14.73538 14.73538 14.82953 15.36421 17.16387 19.73704 26.61489 27.24573 26.21059 25.60691 25.70884 26.77639 29.77428 30.8878 28.52791 26.76195
15.9546 15.9546 15.9546 15.9546 15.95459 15.9546 15.9546 15.9546 15.9546 15.89083 15.71414 15.64979 15.64979 15.64979 15.47451 15.34499 15.34499 15.34499 15.24773 15.04019 15.04019 15.04018 14.73538 14.73538 14.73538 14.68934 14.51387 14.69123 14.43058 14.43058 14.61195 14.68992 14.66777 14.18157 14.21488 14.39802 14.42103 14.43058 14.43058 13.88242 13.84876 13.82097 13.82097 13.82097 13.96199 14.16191 14.68498 14.64577 14.62543 14.44834 15.2991 15.82528 17.48253 19.76087 22.0775 27.53541 27.25314 26.99542 26.89387 26.62278 26.9259 29.10434 29.96958 28.60767 27.51907
16.00404 15.9546 15.9546 15.9546 15.9546 15.9546 15.9546 15.95459 15.9546 15.89352 15.71413 15.64979 15.61944 15.48837 15.3997 15.34499 15.34499 15.34499 15.2535 15.04019 15.04019 15.04019 14.73538 14.73538 14.73538 14.66733 14.46168 14.47511 14.46448 14.68026 14.70958 14.63704 14.44513 14.36888 14.39139 14.43058 14.43058 14.43058 14.43058 13.85811 13.82097 13.82097 13.82097 13.82097 13.90073 14.13146 14.14888 14.55883 14.76912 15.04008 16.21554 17.09052 19.00884 21.60322 23.97998 26.92753 27.20428 27.23233 27.23234 27.23233 27.24928 28.76944 28.74994 27.8657 26.79599
16.05888 16.01556 16.07958 15.98521 15.9546 15.9546 15.9546 15.9546 15.9546 15.89712 15.71468 15.64979 15.59801 15.4101 15.34499 15.34499 15.34499 15.23593 15.09974 15.04019 15.04018 15.04018 14.73538 14.73538 14.63026 14.4737 14.44111 14.53185 14.70157 14.72688 14.5483 14.46951 14.43058 14.43058 14.43058 14.43058 14.43058 14.43058 14.43058 13.85285 13.82097 13.82097 13.82097 13.82097 14.10003 14.12577 14.12577 14.33964 14.58043 15.0447 16.75929 17.78771 19.91999 22.96033 24.87791 27.23002 27.23233 27.23233 27.23233 27.23233 27.56771 29.76405 27.29085 26.77579 25.24122
16.06179 16.01067 16.09372 16.12856 16.01486 15.9546 15.9546 15.9546 15.89098 15.72849 15.67771 15.59201 15.41074 15.37153 15.23631 15.1345 15.11871 15.08877 15.04018 15.04019 15.04018 14.92805 14.50198 14.49619 14.47387 14.39522 14.17439 14.69497 14.70907 14.46884 14.45465 14.43058 14.43058 14.43058 14.43058 14.43058 14.43058 14.43058 14.12107 13.8419 13.82097 13.82097 13.82653 14.09483 14.12577 14.12857 14.39664 14.55992 14.77351 15.04257 16.82081 17.78771 19.91999 22.96033 24.87791 27.23002 27.23233 27.23233 27.23233 27.23233 27.56771 29.76405 27.29085 26.77579 25.24122
16.06429 15.9546 15.98423 16.04645 16.00435 15.9242 15.78932 15.76604 15.71927 15.6221 15.47601 15.40823 15.32053 15.16131 15.08813 15.04019 15.04018 15.04019 15.04019 15.0237 14.84793 14.77739 14.45332 14.43058 14.43058 14.38105 14.14526 14.40519 14.18454 14.15028 14.18301 14.18999 14.15154 14.18031 14.18183 14.43058 14.43058 14.43058 14.12107 13.8419 13.82097 13.82097 13.82653 14.09483 14.12577 14.12857 14.39664 14.55992 14.77351 15.04257 16.82081 17.82306 20.2239 22.78942 24.36351 27.22194 27.21898 27.23233 27.23233 27.23233 28.52176 30.46265 26.99625 24.6458 22.6381
16.18341 16.1401 16.12166 15.98696 15.9546 15.90422 15.7068 15.64979 15.64979 15.60622 15.40678 15.34499 15.3085 15.10147 15.04019 15.04018 15.04019 14.93122 14.80025 14.76829 14.84793 14.77739 14.45332 14.43058 14.43058 14.38105 14.14526 14.40519 14.18454 14.15028 14.18301 14.18999 14.15154 14.18031 14.18183 14.14334 14.14172 14.00761 13.8207 13.54687 13.73512 13.82097 13.82257 13.83182 14.17204 14.42925 14.42338 14.43058 14.51978 15.83999 16.58828 17.41391 19.3144 21.79329 23.24006 26.89471 27.19352 27.23233 27.22221 27.2262 28.70288 30.11758 24.90659 22.04866 20.40051
16.2594 16.2594 16.20558 16.0124 15.9546 15.90422 15.7068 15.64979 15.64979 15.60622 15.40678 15.34499 15.3085 15.10147 15.04019 15.04018 15.04019 14.93122 14.80025 14.76829 14.75838 14.62357 14.43747 14.22957 14.19691 14.15143 14.13134 14.40027 14.38502 14.13382 14.12577 14.12577 14.12577 14.12577 14.12578 14.12577 14.12577 13.9272 13.52353 13.80257 13.79718 13.82097 13.82097 13.82097 14.20271 14.43009 14.41757 14.40491 14.49503 15.58399 16.55651 17.37921 18.09328 20.78768 22.71549 27.15903 27.21508 27.17197 27.17143 26.94157 28.54033 27.86711 21.56564 20.18508 19.2356
