p3-simplify/brunsdem.asc
ncols         387
nrows         532
xllcorner     419688.56395223
yllcorner     4858364.4576917
cellsize      26.33763506777
NODATA_value  -9999
[rows 116 to 144 of 532, columns 195 to 259 of 387]
61.53369 62.5629 58.59636 51.79027 47.0385 42.9886 41.83857 41.14603 39.53888 39.52522 39.48156 39.7315 39.98228 39.62281 37.012 35.27744 33.81187 32.17252 29.13339 23.83987 21.13354 20.31497 20.48623 20.63223 20.85432 15.51879 12.77615 9.258983 6.105291 7.719905 15.89827 14.90539 13.134 10.90213 7.825564 3.860329 2.676832 5.309136 9.083903 11.32752 12.66715 14.60381 15.05239 15.22295 15.06853 15.1057 15.29153 15.71437 15.55141 15.43523 15.07048 13.85948 9.026391 4.867135 1.351856 0 0 0 0 0 0.5152673 3.101837 7.446492 12.61626 14.69522
63.02997 62.89339 57.26286 50.84618 46.13089 42.66658 41.91666 41.47971 40.1744 40.11421 40.05272 40.32915 39.75771 39.09135 36.1274 34.49626 32.90594 30.4796 27.53048 24.43177 22.43012 20.74422 19.80427 18.48465 17.84941 13.92311 11.77619 8.828154 5.595944 5.910475 12.67159 12.14833 10.34489 8.155408 5.526184 2.652854 4.177022 7.685201 11.23279 13.18793 14.30325 15.17883 15.16284 15.04018 15.04018 15.23141 15.34499 15.25994 15.32041 15.07858 14.3513 13.77154 11.66365 7.578362 2.118949 0 0 0 0 0 1.418443 6.983008 12.6732 17.92524 18.43233
65.60879 62.59052 57.0798 50.9524 47.05567 43.26703 42.07508 41.5279 40.75235 40.50596 40.28087 39.73775 38.99056 38.19146 35.87475 34.6144 33.43308 31.50609 29.217 27.00756 25.39352 24.14642 22.34453 20.17241 16.36776 13.30483 11.30566 7.932209 6.008625 4.974301 6.178602 6.603951 5.814496 4.707872 3.062098 1.971288 5.282187 8.9006 12.26762 14.20198 15.18524 15.04019 14.99124 14.95545 15.01321 15.14893 15.26472 15.10427 14.79239 14.14648 12.9847 12.22666 10.95432 6.686822 1.91882 0 0 0 0 0 0 7.464837 13.52393 18.99713 18.9155
64.6762 61.37295 57.03294 51.49765 47.37152 43.35093 42.0631 41.51479 40.68708 40.39846 39.99504 39.44784 38.75031 38.11496 36.99151 36.04036 35.10252 33.96479 31.33089 27.66663 26.56856 24.30387 21.95633 20.03298 18.44208 15.20598 13.62226 10.75394 7.817287 6.040112 4.351224 4.523067 4.058321 3.406382 3.379793 3.479942 5.147687 9.030344 12.38761 14.3366 15.37076 15.04018 14.97626 14.88996 15.00742 15.04019 15.09818 15.07457 14.34318 13.31985 11.80938 10.33354 7.597961 3.718125 1.059329 0 0 0 0 0 0 7.464837 13.52393 18.99713 18.9155
62.26645 59.54302 55.87979 50.58232 47.06948 43.02495 41.8383 41.47564 40.3922 40.11701 39.94994 39.42173 38.62645 37.96689 36.54239 34.78145 33.42248 32.32804 29.18306 24.7748 23.8015 21.70991 18.4454 16.27097 14.38459 10.01113 8.464896 7.068036 5.51616 5.277822 6.574127 6.495815 5.834307 5.441659 5.841791 6.526749 4.499523 7.783785 11.1688 13.28245 14.19581 15.04018 14.97626 14.88996 15.00742 15.04019 15.09818 15.07457 14.34318 13.31985 11.80938 10.33354 7.597961 3.718125 1.059329 0 0 0 0 0 0 5.488664 11.14436 18.08051 18.06775
58.69238 56.78235 52.87906 49.19906 44.66179 42.30785 41.33785 40.81977 39.76104 39.45555 39.27493 38.76454 37.75633 37.12703 34.1778 32.38797 30.70047 28.16984 25.75463 21.05174 18.07775 16.41091 15.64412 14.5563 12.24289 11.81132 8.464896 7.068036 5.51616 5.277822 6.574127 6.495815 5.834307 5.441659 5.841791 5.467107 4.499523 7.783785 11.1688 13.28245 14.19581 14.42406 14.68485 14.82863 14.97757 15.12628 15.07937 14.72057 13.61492 12.17986 10.16694 8.74606 3.721032 0.736396 0.1607388 0 0 0 0 0 0 5.304197 10.08576 15.80279 16.94166
55.20114 52.80233 47.8714 46.43015 42.56102 41.40531 40.55533 39.65843 38.98631 38.56852 39.27493 38.76454 37.75633 36.41106 34.1778 32.38797 30.70047 28.16984 25.75463 21.05174 18.07775 16.41091 15.64412 14.5563 12.24289 11.81132 10.21307 7.60346 6.396221 7.19818 9.995802 8.676098 7.88415 7.771859 8.676657 9.058611 6.76883 7.77228 10.25877 11.78018 12.58056 13.43151 14.04691 14.55478 14.90611 15.21611 15.31275 14.70489 13.25401 11.63705 9.889923 8.674676 2.994725 0 0 0 0 0 0 0 0 4.392306 8.796757 15.37253 16.07972
55.20114 52.80233 47.8714 46.43015 42.56102 41.40531 40.55533 39.65843 38.98631 38.56852 38.02403 37.5232 36.78381 35.60629 34.24142 33.44665 32.52443 30.85021 29.25698 24.91475 21.91488 19.98571 20.04167 19.17548 17.1797 16.61756 14.78185 12.13376 9.426939 10.11244 11.29776 10.73912 10.6408 11.07387 12.30371 12.77056 11.19529 11.916 11.95564 11.86249 12.11479 13.25207 13.99107 14.68867 14.93902 15.30575 15.54588 15.23532 14.22756 13.12139 11.67882 9.920974 3.099376 0 0 0 0 0 0 0 0 4.892273 9.106082 14.34099 14.8247
50.95098 48.51435 44.08071 42.84478 41.57096 40.5357 39.87473 39.28682 37.88273 37.36296 36.83613 36.34932 36.15648 35.53727 35.14931 34.92643 34.505 33.81183 32.48642 27.32041 24.73957 24.94203 24.29798 23.04237 20.92242 19.66347 17.26662 14.45948 11.75054 11.72452 12.12266 12.97882 13.55808 14.07923 14.98024 15.15543 14.74932 14.92969 14.47651 13.67084 12.98493 13.52304 14.12801 14.79338 14.97077 15.28204 15.82192 15.75442 15.31993 14.41211 12.27262 9.623088 0.7480881 0 0 0 0 0 0 0 0 4.345624 8.476593 12.22198 12.60024
46.80796 44.61877 41.97021 41.39117 40.64922 39.8745 39.30269 38.68819 37.0649 36.49575 36.06437 35.87497 36.31581 36.48341 36.26716 35.69207 34.98707 34.19379 33.59985 30.24037 27.89818 26.42597 24.80092 23.48442 21.68972 20.10868 17.73347 15.36407 14.01595 13.88045 14.0726 14.52901 15.08368 15.71941 16.00854 15.99008 15.83285 15.92379 15.40046 14.77266 14.30039 14.26774 14.48405 14.79108 14.97092 15.30442 15.9546 15.9546 15.53765 14.19489 10.483 6.452155 0 0 0 0 0 0 0 0 0 4.769014 8.002382 9.578616 10.3835
43.9467 42.74448 41.169 40.49688 40.01121 39.35432 38.97637 38.53038 37.50038 37.01659 36.35172 36.56883 36.96418 37.16192 36.72114 35.90909 35.04728 34.21923 33.56916 29.25817 26.61858 24.1582 22.52945 21.21366 19.37024 18.69786 17.64673 16.4469 16.02065 15.70016 15.69508 15.58547 15.72452 16.13968 16.22874 16.14573 15.8934 15.6837 15.17421 14.87842 14.92143 15.01815 15.15359 15.36625 15.4001 15.63944 15.29507 15.33357 15.30142 14.15929 9.811124 3.330706 0 0 0 0 0 0 0 0 0 4.769014 8.002382 9.578616 10.3835
41.89211 41.19023 40.34205 39.77739 39.54745 39.3829 39.24907 39.18251 39.15811 38.86602 38.10263 37.7224 37.82311 36.95931 36.5326 35.78278 34.76326 33.32453 32.5537 27.02598 24.14465 19.68588 17.51517 16.97842 15.33334 15.87729 17.10059 17.16375 16.86822 16.52328 16.52333 16.37944 16.39804 16.56371 16.46829 16.38503 16.12392 15.38083 15.17421 14.87842 14.92143 15.01815 15.15359 15.36625 15.4001 15.63944 15.29507 15.33357 15.30142 14.15929 9.811124 3.330706 0 0 0 0 0 0 0 0 0 0.8153774 3.266456 6.736722 7.733527
40.38928 39.9819 40.33889 40.31641 40.10882 40.02914 39.88403 39.83495 39.92482 39.81955 39.45854 38.91138 38.83307 37.63183 37.02985 36.3695 35.41417 33.98504 31.14125 28.14317 24.65161 18.33379 14.56378 16.97842 15.33334 15.87729 17.10059 17.16375 16.86822 16.32644 16.52333 16.37944 16.39804 16.56371 16.46829 16.38503 16.12392 15.38083 14.16646 13.70278 15.05693 15.61792 15.88064 15.67586 15.82514 16.00561 13.08974 14.34609 14.98586 14.50695 12.23 1.861704 0 0 0 0 0 0 0 0 0 0 0.492007 2.971411 4.55225
39.17737 39.42248 40.3762 40.43336 40.5097 40.81711 40.83642 40.66792 39.92482 39.81955 39.45854 38.91138 38.83307 37.63183 37.02985 36.3695 35.41417 33.98504 31.14125 28.14317 24.65161 18.33379 14.56378 12.17444 10.754 12.56788 15.63409 16.55709 16.76942 16.62942 16.8104 16.7848 16.84643 17.02572 16.96153 16.50493 15.89911 14.01289 12.23461 11.35672 12.1625 13.32257 13.60198 13.00354 14.15223 14.50076 9.088242 12.74564 14.44658 14.21026 10.89661 2.438125 0 0 0 0 0 0 0 0 0 0 0.06117824 0.1557764 0.5512785
39.17737 39.42248 40.3762 40.43336 40.5097 40.81711 40.83642 40.66792 40.70855 40.52458 40.13435 39.83939 39.77629 39.23226 38.49479 37.70155 36.84743 36.12989 33.68605 31.18355 27.79532 22.31051 17.27355 12.26133 8.100254 9.595817 12.43902 14.65415 15.59264 15.76954 16.19323 16.79232 16.85223 16.46148 16.87403 16.28747 15.0642 12.87871 10.07164 7.009314 2.838165 3.746866 3.31829 2.166507 3.121279 6.419141 4.940521 11.51738 14.41294 15.06372 12.63932 5.074603 2.146683 0.1214466 0 0 0 0 0 0 0 0 0 0 0
39.33676 39.77168 40.58044 40.88022 41.31182 41.70796 41.82005 41.82775 41.67248 41.34244 40.89917 40.76345 40.65257 40.25904 39.52965 38.71942 37.84482 37.15911 34.22792 31.8128 29.01886 24.07823 19.24852 13.88128 7.724229 7.292315 7.965425 9.799285 11.10527 11.21108 13.57461 15.00401 14.97161 13.99433 14.92471 14.53778 11.60276 12.65306 8.292578 3.328197 0 0 0 0 0 0.7567459 2.922541 9.870157 13.87008 16.09771 14.7117 6.971355 3.013318 0.1723885 0 0 0 0 0 0 0 0 0 0 0
40.02769 40.45185 41.09854 41.50498 41.92916 42.5644 43.00049 42.97984 42.49186 41.97612 41.64111 41.54364 41.42599 41.17473 40.31237 39.48053 38.62118 37.93539 34.8731 32.48747 30.04888 25.57416 21.72427 17.96684 10.90661 8.097788 6.323554 6.528873 6.830255 4.815871 6.927209 8.593467 8.217614 6.092299 6.818624 9.35038 7.684972 11.75015 7.217628 1.860109 0 0 0 0 0 0 0.009107515 5.64175 10.46429 14.19692 14.74149 9.775091 6.718703 0.09194596 0 0 0 0 0 0 0 0 0 0 0
41.09042 41.50608 41.80471 42.19258 42.76464 43.74743 44.50616 44.38763 43.27105 42.3383 42.00413 42.08867 42.27846 42.51239 41.92336 41.06037 39.94289 39.12206 36.70345 34.69416 32.57218 28.01564 24.24562 20.21247 13.1209 11.70382 12.18275 11.00571 10.31234 4.773466 2.432005 2.58454 2.31907 1.86637 1.95345 3.780594 5.191627 9.750756 5.448185 0.1598851 0 0 0 0 0 0 0 0.4808126 4.982371 10.13238 13.71319 9.775091 6.718703 0.09194596 0 0 0 0 0 0 0 0 0 0 0
42.50674 42.71062 42.58043 43.47478 44.37792 45.24496 45.75301 45.14407 43.70727 42.66498 42.50605 42.68027 43.46885 44.4613 43.83908 42.88578 41.66752 40.79001 38.42382 36.38182 34.09246 29.40889 24.66534 19.22273 15.58893 16.22954 16.46819 15.82958 14.47084 5.908808 2.355762 1.179502 0.9966025 0.80885 0.6370399 1.632527 5.191627 9.750756 5.448185 0.1598851 0 0 0 0 0 0 0 0.4808126 4.982371 10.13238 13.71319 12.38772 10.39399 0.2329509 0 0 0 0 0 0 0 0 0.01268388 1.43359 1.630772
43.27227 43.67007 44.07947 45.12057 45.63823 45.91317 45.94625 45.05199 44.20959 43.56602 43.33777 43.47316 45.29446 45.46736 45.0331 44.21085 43.1385 42.29643 39.47237 37.13674 34.09246 29.40889 24.66534 15.96485 15.58893 16.22954 16.46819 15.82958 14.47084 5.908808 2.355762 1.179502 0.9966025 0.80885 0.9051035 1.632527 3.975603 6.715491 3.657775 0 0 0 0 0 0 0 0 0 0.7231526 1.406348 10.85137 11.05308 10.50381 0.1822847 0 0 0 0 0 0 0 0 0.006714254 2.091127 2.545476
43.61428 44.65282 45.24111 45.68247 45.78688 45.91317 45.94625 45.05199 44.20959 43.56602 43.33777 43.47316 45.29446 45.46736 45.0331 44.21085 43.1385 42.29643 39.47237 37.13674 34.55083 30.84817 26.20059 19.12874 18.33379 18.04997 17.0559 16.45794 13.62955 2.784777 1.791614 0.9281952 0.5295659 0.4424688 0.4538737 1.307153 4.61651 4.391964 2.258013 0 0 0 0 0 0 0 0 0 0 0.05025132 0.02808796 1.679194 0.0417155 0.1051053 0 0 0 0 0 0 0 0 0.01744209 2.347649 3.254002
43.61428 44.65282 45.24111 45.68247 45.78688 45.82536 45.73522 45.0859 44.68348 44.30557 43.96464 44.33108 45.19062 45.59744 45.75591 45.36909 44.63726 43.74651 40.49925 38.13591 35.87088 32.46821 28.38915 20.74002 19.0661 17.6627 15.49177 14.13001 10.15421 0.6464393 0.6348588 0.5258316 0.6018435 1.435429 0.4096074 0.9510106 2.270897 4.117495 2.098922 0 0 0 0 0 0 0 0 0 0 0 0 0 0 0 0 0 0 0 0 0 0 0 1.936243 2.461892 3.253243
43.8017 44.72815 45.255 45.67295 45.67296 45.66787 45.5789 45.04359 44.84336 44.70625 44.60535 45.04622 45.46344 45.90128 46.22545 46.13796 45.71515 45.24747 41.8859 39.41288 37.21907 33.81907 29.97074 20.22559 18.07809 16.09691 12.26137 5.305564 3.741307 0.4096074 0.4096075 0.9256182 1.571419 2.086281 0.5155963 1.428999 7.385593 1.265318 0.3286181 0 0 0 0 0 0 0 0 0 0 0 0 0 0 0 0 0 0 0 0 0 0 0 1.942017 2.246863 3.076972
43.6567 44.39793 44.63535 44.74047 44.81379 45.11584 45.26402 45.08053 45.16594 45.28665 45.30129 45.58012 45.98484 46.08456 46.48461 46.6555 46.66905 46.28967 43.07851 39.81977 37.51015 34.09747 30.27472 17.95817 13.75719 10.56872 5.85523 1.992825 0.8096514 0.7376324 1.589521 2.875569 3.90875 2.448614 0.6696705 1.162155 3.771646 0.7038742 0 0 4.11482 4.429992 4.517087 2.818597 2.204516 0 0 0 0 0 0 0 0 0 0 0 0 0 0 0 0 0 2.272119 2.970136 3.076972
43.7888 43.80005 43.30841 43.00077 43.55127 44.31771 44.85142 45.26004 45.54055 45.76151 45.91618 45.98801 45.91263 45.90606 46.04047 45.87306 44.92681 43.59313 41.18586 38.37999 35.77532 32.22866 28.64598 15.97416 8.999089 4.479709 1.298177 0.7191951 0.4446805 1.716992 4.759313 6.229469 7.118201 2.778494 0.7144111 0.5411248 0.4723072 0.06134541 0.6262769 2.316063 9.967108 10.26738 9.671092 5.60415 4.36477 0 0 0 0 0 0 0 0 0 0 0 0 0 0 0 0 0 2.272119 2.970136 5.120221
43.43225 41.83842 40.95728 42.26702 43.28938 44.06659 44.76689 45.58069 45.67988 45.75392 46.26025 46.33474 45.37016 44.11147 43.36308 42.53292 41.05592 40.41472 37.96151 34.9453 31.57691 29.11751 25.87896 13.6064 6.589468 2.059403 0.4443398 0.436229 0.8018846 3.299253 8.356627 9.362865 9.233814 2.778494 0.7144111 0.5411248 0.4723072 0.06134541 0.6262769 2.316063 9.967108 10.26738 9.671092 5.60415 4.36477 0 0 0 0 0 0.1659571 0.1548029 0 0 0 0 0 0 0 0 0 0.1453111 3.241048 5.519548 8.117043
39.81086 37.84637 39.81479 42.1776 43.13696 43.8206 45.16269 45.37097 45.28951 45.22748 45.83306 45.83788 43.34165 40.81155 39.48281 38.58715 37.40071 35.38723 37.96151 34.9453 31.57691 29.11751 25.87896 13.6064 6.589468 2.059403 0.4443398 0.436229 1.507999 3.299253 8.356627 9.362865 9.233814 3.321964 0.7256446 0.8597235 5.994159 2.476068 2.889143 9.719915 13.88389 14.07982 12.66811 10.74897 7.727986 7.420093 7.420093 7.416528 7.058368 6.227197 5.270589 3.780341 0.05264482 0.09595975 0 0 0 0 0 0.04456075 0.1191048 5.045324 9.611675 9.540841 11.32149
36.28289 35.81316 39.55434 42.1776 43.13696 43.8206 45.16269 45.37097 45.28951 45.22748 45.83306 45.83788 43.34165 40.81155 39.48281 38.58715 37.40071 35.38723 33.31194 29.64242 27.28782 25.46126 22.45996 8.939095 4.278352 1.219813 0.4164056 0.6560708 3.188595 8.319681 12.13987 11.72752 10.12341 3.839947 0.8749971 1.298634 11.5265 5.989015 6.224307 11.62341 14.61855 15.54912 15.33673 15.03969 12.72912 10.1426 9.295775 8.614149 8.178003 7.715223 6.933119 6.262446 4.864524 0.224421 0 0 0 0 0.1966708 0.06004252 4.566551 11.9119 15.38792 15.74436 14.19407
36.28289 35.81316 39.55434 41.97121 43.27104 43.76712 43.77243 43.63051 43.48993 43.40152 43.95612 43.73956 39.89216 37.30378 35.82531 34.97049 34.2019 31.55849 29.48193 26.53853 22.23976 20.79155 17.96747 4.257565 2.015327 0.7088226 0.42847 1.178375 7.103906 13.61843 14.56561 13.19977 10.86841 4.131243 1.638823 2.402805 12.46696 9.594863 10.34904 15.63227 16.0443 15.78534 15.8146 14.11285 12.02429 10.35708 9.202283 8.406237 8.050867 7.664233 5.611481 5.053156 4.485541 0.2323804 0 0 0 0 1.18129 6.555807 10.12195 17.4333 19.11352 18.81169 17.316
