p3-simplify/brunsdem.asc
ncols         387
nrows         532
xllcorner     419688.56395223
yllcorner     4858364.4576917
cellsize      26.33763506777
NODATA_value  -9999
[rows 319 to 347 of 532, columns 195 to 259 of 387]
15.22294 11.93394 11.10837 14.14243 15.47762 14.8054 15.40786 16.39454 18.10361 18.68278 19.05543 19.30744 19.30744 19.30743 19.37691 19.60849 19.02058 18.57646 18.28674 14.34648 15.10937 18.40228 18.17168 18.23941 18.20589 18.41364 18.13488 18.1288 18.10465 18.36306 18.42631 18.46989 18.72748 18.76959 18.74148 18.72184 18.95474 18.96601 18.73888 19.12721 19.14317 19.03342 19.23951 19.03063 18.69783 18.69783 18.69783 18.65833 18.62179 18.59204 18.59585 18.6318 18.67168 18.63334 18.59569 18.58929 18.73733 18.84283 18.68719 18.38798 18.01674 17.34009 17.09726 16.39901 15.79414
14.78576 11.11581 11.08063 11.53765 13.68547 15.61419 17.29305 17.99649 18.70782 18.99929 19.26199 19.30744 19.30744 19.30743 19.37691 19.60849 19.02058 18.57646 18.28674 14.34648 15.10937 18.40228 18.17168 18.23941 18.20589 18.41364 18.63414 18.45998 18.40935 18.43552 18.57584 18.69783 18.90942 18.96236 19.00263 19.00263 18.96207 18.86677 18.98288 19.00263 19.00263 19.00263 19.00263 18.89102 18.69783 18.69783 18.63941 18.5285 18.39302 18.39302 18.39302 18.42196 18.55343 18.47244 18.39302 18.39302 18.48592 18.52485 18.34109 18.16904 17.05837 15.79682 14.63855 13.62804 12.36741
14.78576 11.11581 11.08063 11.53765 13.68547 15.61419 17.29305 17.99649 18.70782 18.99929 19.26199 19.30287 19.30495 19.30743 19.3276 19.59215 19.18884 18.64057 17.11048 14.13995 16.22576 18.99858 19.01056 18.90021 18.74079 18.71791 18.9672 18.95091 18.69783 18.69783 18.69783 18.69783 18.69783 18.83178 19.00263 19.00263 18.82925 19.00263 19.00263 19.00263 19.00263 19.00263 19.00263 18.89261 18.67656 18.63146 18.46475 18.34917 18.28568 18.34046 18.39302 18.39302 18.39302 18.39302 18.36779 18.2916 18.25079 18.24732 18.22293 18.13034 15.64471 13.73087 11.55076 10.91504 10.19447
13.32612 10.04827 12.28127 15.69269 18.24903 18.99443 19.00263 19.15147 19.31567 19.60163 19.02854 19.00997 19.29606 19.2797 19.34146 19.32201 19.08365 18.79224 18.01274 15.16004 15.52225 18.7232 19.252 19.24887 19.07966 18.99563 18.73868 18.84609 18.64177 18.57583 18.57505 18.65993 18.65228 18.7005 18.8972 18.93692 18.91614 18.95162 18.98442 19.00263 18.96079 18.91768 18.9202 18.78631 18.5734 18.42566 18.39302 18.28959 18.08822 18.18864 18.26512 18.26608 18.26243 18.25082 18.22251 18.12822 18.08822 17.75644 16.72075 15.49417 13.68288 11.4895 9.150875 8.873055 8.859235
12.8284 9.987442 11.98375 17.41553 19.02012 19.304 19.53003 19.51375 19.31371 19.3107 19.24318 19.01622 19.29645 19.14037 19.1101 19.29093 18.90649 18.63143 18.32098 16.58659 15.18837 18.77375 19.57456 19.60935 19.41635 19.20686 18.35287 18.25866 18.04732 17.99053 18.17509 18.40595 18.36199 18.38419 18.49754 18.67422 18.69783 18.72914 18.89231 18.8939 18.82702 18.69783 18.69783 18.59177 18.39302 18.39302 18.31815 18.16219 17.95794 17.94617 17.94839 17.97172 18.05051 18.08822 17.73954 17.65149 17.11407 15.78376 13.82814 12.41854 11.19296 9.547335 7.366964 6.612711 5.884521
11.0875 9.991706 13.51023 17.57036 19.0228 19.58569 19.37029 19.35377 19.58598 19.30415 19.30744 19.3104 19.31982 19.36623 19.31578 19.02441 18.75356 18.49409 18.25474 17.10457 15.31062 19.05493 20.09776 19.14424 18.26996 18.41969 17.11152 17.3167 17.29577 17.54953 17.56857 17.68351 17.92047 18.58618 18.80961 18.73568 18.69783 18.69783 18.69783 18.69783 18.69783 18.69783 18.69783 18.59413 18.36746 18.30212 18.08274 17.85428 17.54363 17.4889 17.44693 17.32621 17.32621 17.22073 17.73954 17.65149 17.11407 15.78376 13.82814 12.41854 11.19296 9.547335 7.366964 6.612711 5.884521
11.27269 12.00049 17.40596 19.24461 19.01071 19.2843 19.2576 19.19391 19.00263 19.00263 19.29929 19.32334 19.57749 19.54789 19.47632 19.05496 18.55203 17.9916 17.08448 15.3806 14.61208 18.33127 18.09854 16.71794 15.75298 15.52789 13.30235 13.32939 15.63575 15.46647 15.20231 15.42481 18.22051 19.12367 19.21917 18.86448 18.74276 18.672 18.61925 18.69783 18.69783 18.69783 18.69783 18.59413 18.36746 18.30212 18.08274 17.85428 17.54363 17.4889 17.44693 17.32621 17.32621 17.22073 15.79417 15.27041 14.42884 12.93721 10.91899 10.56537 9.863813 9.082927 6.7897 4.968417 3.348077
11.87327 13.69484 18.25131 18.45706 18.99831 18.99174 18.94738 18.95185 18.99251 19.00263 19.15427 19.59727 19.33884 19.30744 19.35688 19.30852 18.88759 18.50065 17.96699 15.485 14.96026 14.78482 14.87203 15.03624 15.75298 15.52789 13.30235 13.32939 15.63575 15.46647 15.20231 15.42481 18.22051 19.12367 19.21917 18.86448 18.74276 18.672 18.61925 18.64726 18.65119 18.60576 18.66757 18.46122 18.2028 18.0209 17.85294 17.59087 17.06012 16.84694 16.56347 16.08255 15.73161 15.49058 12.58996 11.65959 11.23015 10.29855 8.729961 9.629761 9.050215 8.430525 6.66992 4.654871 2.786067
11.50357 13.3129 16.37407 17.61628 18.96084 18.69097 18.67047 18.67519 18.99251 19.00263 19.15427 19.59727 19.33884 19.30744 19.35688 19.30852 18.88759 18.50065 17.96699 15.485 14.96026 14.78482 14.87203 15.03624 14.43342 13.94148 12.11537 10.99939 11.58235 12.36738 13.90093 18.14078 18.79601 18.95751 19.05585 18.85054 18.64322 18.55526 18.42695 18.50032 18.50694 18.42405 18.52538 18.29332 18.00707 17.73957 17.38155 16.86496 16.32866 16.31803 16.08939 15.3358 14.1696 12.78249 7.990629 8.914936 9.124781 8.129411 6.597052 8.516368 7.71852 6.271554 4.829264 3.60464 2.299513
11.50357 13.3129 16.37407 17.61628 18.96084 18.69097 18.67047 18.67519 18.70782 19.07127 19.16365 19.5607 19.27991 19.19389 19.22285 19.05368 19.29306 19.37029 19.00309 17.99355 15.88056 15.90046 17.44011 18.2818 18.45737 18.68974 13.03852 11.75336 12.75132 15.80176 17.41186 18.36834 18.51907 18.57244 18.52733 18.33281 18.26231 18.26556 18.25618 18.25129 18.2964 18.39302 18.39302 18.29614 18.03562 17.88382 17.05327 16.02233 15.47197 15.76611 15.77053 15.0207 13.45564 10.28587 4.233102 5.8925 6.504654 5.510122 4.482379 6.342552 5.507514 4.145275 1.781842 0.7874988 0.1808391
11.04455 12.61593 13.95727 16.13576 18.20811 18.21241 18.55852 18.61941 18.42866 19.12923 19.18274 19.20726 18.69086 18.61894 18.76119 19.14128 19.44495 19.68537 19.56757 19.76695 19.41461 19.71337 19.68887 18.72694 16.85189 13.79273 12.90041 14.40615 16.85313 18.02584 18.20359 18.25034 18.26309 18.26265 18.23431 18.12093 18.08822 17.97281 18.05426 18.08822 18.13786 18.23217 18.23037 18.18327 18.08822 18.08822 17.13084 15.86827 13.9587 14.49877 15.10034 13.92993 11.51954 3.758852 3.07754 3.574614 3.79973 3.282327 2.891576 3.651085 2.963899 0.7754387 0.2076422 0 0
10.29011 11.57368 12.07872 12.34671 13.87074 17.1283 18.00681 18.34108 18.1723 18.44851 18.60298 18.44628 17.70394 16.96419 17.41404 18.62417 18.60244 18.77334 19.04136 19.26206 19.08616 18.68517 17.37445 15.38356 13.86641 12.41359 16.57208 18.09365 18.15191 18.01746 17.95221 17.95209 18.03427 18.08822 18.08822 18.08822 18.08822 17.85704 17.53098 17.156 17.14753 17.79037 18.08822 18.08822 18.01109 17.6302 16.60472 15.48028 12.1401 11.8932 12.22323 12.10951 8.964602 2.864631 2.646213 2.679143 2.605165 2.370981 2.536644 1.909092 0.1297202 0.1317931 0 0 0
8.25849 9.341998 9.752342 9.72669 11.15504 13.74801 15.42852 16.32348 15.56814 16.88391 17.30775 17.1678 14.66549 14.18588 14.87919 16.7299 16.68186 17.06328 17.60957 17.45221 16.75875 16.60723 13.89078 12.35691 12.3128 14.48864 17.34842 17.69181 17.57513 17.51235 17.61684 17.88914 18.02811 18.08822 18.11718 18.20718 18.15416 17.92429 17.41845 16.12366 15.43709 15.86133 17.48 17.52826 16.67696 15.94282 14.20225 12.62344 10.7139 9.335987 8.612697 8.740815 8.964602 2.864631 2.646213 2.679143 2.605165 2.370981 2.536644 1.909092 0.1297202 0.1317931 0 0 0
5.588655 5.877554 6.329672 8.232865 9.690705 10.21714 10.7174 11.18304 11.29863 12.81507 13.36681 12.88002 12.20446 12.655 13.33916 13.64413 13.82037 14.1166 14.34734 13.24077 12.34968 13.2477 11.99535 12.50931 14.30481 15.4586 16.66601 17.03749 17.02969 17.11802 17.39617 18.02285 18.18423 18.25226 18.25597 18.22111 18.15416 17.92429 17.41845 16.12366 15.43709 15.86133 17.48 17.52826 16.67696 15.94282 14.20225 12.62344 10.7139 9.335987 8.612697 8.740815 7.09046 2.78962 2.58038 2.377975 2.287956 2.28452 2.509581 0.2070834 0 0 0 0 0
5.173986 5.275078 5.497895 6.151381 7.453067 7.932768 8.589314 9.442588 10.09492 10.56826 10.75074 10.82774 11.25722 11.73709 12.22893 12.09431 11.84268 11.47156 10.62186 10.03199 11.11771 13.2477 11.99535 12.50931 14.30481 15.4586 16.66601 17.03749 17.02969 17.11802 17.39617 18.02285 18.18423 18.25226 18.25597 18.22111 18.05157 17.20917 16.72072 15.77411 14.48575 12.78647 14.79951 15.32828 14.25591 12.49239 10.40353 8.343514 7.701462 6.703944 5.646869 5.52107 4.441907 2.765755 2.337384 2.097412 1.455968 0.1944931 0.1276009 0 0 0 0 0 0
4.68745 4.967223 5.173292 5.454669 5.589788 5.930442 8.589314 9.442588 10.09492 10.56826 10.75074 10.82774 11.25722 11.73709 12.22893 12.09431 11.84268 11.47156 10.62186 10.03199 11.11771 11.6885 12.20082 13.42669 15.09716 16.00067 16.34434 16.74773 16.83766 17.05608 17.33286 17.98762 18.26973 18.33757 18.12514 17.81217 16.31626 15.35187 15.08232 15.09828 14.39819 12.31165 11.00691 11.0793 10.50325 8.169429 6.735897 5.400892 4.946618 4.518096 3.689735 3.199022 3.087651 2.328882 0.272037 0.2923185 0.08690347 0 0 0 0 0 0 0 0
4.68745 4.967223 5.173292 5.454669 5.589788 5.930442 7.001054 8.226637 9.328872 9.588191 9.703038 9.883598 10.21908 10.59131 10.89744 10.6428 10.07524 9.58989 9.487667 11.18872 12.84273 12.41252 13.0763 13.98626 14.86235 15.62249 16.08666 16.65549 16.94237 17.2218 17.3921 17.95469 18.26702 18.29542 17.93591 17.2963 15.29533 13.93527 13.22246 12.85475 12.25458 11.20112 8.6212 7.248529 6.405791 5.160784 4.246892 3.112797 3.399296 3.278561 2.918749 2.867903 1.053387 0.04307525 0.07946756 0 0 0 0 0 0 0 0 0 0
4.427524 4.655295 4.848161 4.973939 5.272521 5.486236 6.065249 6.803373 7.929175 8.567789 8.836099 8.92292 9.189632 9.521994 9.649988 9.412245 9.151551 9.611197 11.31652 12.46257 13.11034 12.84693 13.53925 14.20395 14.62805 15.13983 15.76672 16.73908 17.34968 17.71295 17.84226 18.02908 18.26436 18.3005 17.76082 16.1081 14.15816 12.6668 11.60464 10.69464 9.84848 8.673505 6.702665 5.190097 3.433628 3.07604 2.843684 2.331873 0.9540228 0.6010698 0.2127199 0.06261204 0.06073414 0 0 0 0 0 0 0 0 0 0 0 0
4.288233 4.346015 4.53977 4.667174 4.968102 5.278861 5.521616 5.816875 6.158414 7.046549 7.4687 7.797502 8.344213 8.746519 8.894567 8.510811 8.673388 9.605537 10.95955 11.98086 12.81287 13.0028 13.44159 13.82646 14.16662 14.74529 15.52417 17.00561 17.87906 18.32899 18.40977 18.29127 18.23066 18.00045 17.0372 15.41465 11.63661 10.2719 9.738646 9.117313 8.454574 7.672846 5.783757 4.667464 3.305046 0.9708447 0.5186002 0.04931507 0.01206984 0 0 0 0 0 0 0 0 0 0 0 0 0 0 0 0
3.969015 4.031168 4.206121 4.348138 4.608318 4.706457 4.889354 5.128079 5.324108 5.709458 6.130794 6.598539 7.330966 7.872178 7.844496 7.6241 8.151088 9.329854 10.39762 11.64278 12.69434 12.9413 13.22865 13.45206 13.73823 14.53979 15.28194 16.54317 17.8101 18.26225 18.36643 17.89853 17.39042 16.72777 15.4343 13.90185 9.476944 8.688494 8.559806 8.213547 7.772464 7.493922 6.215813 5.364006 3.33863 0.6080208 0 0 0 0 0 0 0 0 0 0 0 0 0 0 0 0 0 0 0
3.694832 3.786945 3.921468 4.113754 4.237299 4.251304 4.323827 4.398765 4.406036 4.966325 5.775885 6.203766 6.774134 7.093919 6.881299 6.591132 7.022417 8.219193 9.368804 10.97845 12.47731 12.65231 13.0302 13.1959 13.24597 14.06845 14.47522 15.2518 15.69834 16.91445 17.61995 16.48637 15.63447 14.55071 15.4343 13.90185 9.476944 8.688494 8.559806 8.213547 7.772464 7.493922 6.215813 5.364006 3.33863 0.6080208 0 0 0 0 0 0 0 0 0 0 0 0 0 0 0 0 0 0 0
3.428437 3.605952 3.644205 3.941704 3.940969 3.933643 3.85695 3.675898 3.321956 4.070409 5.272575 5.952013 6.394382 6.619288 6.272118 5.885414 6.00477 6.839902 9.368804 11.93139 12.47731 12.65231 13.0302 13.1959 13.24597 14.06845 14.47522 15.2518 15.69834 16.91445 17.61995 16.48637 15.63447 14.55071 12.63287 11.45175 8.620437 8.142553 7.900913 7.708741 7.422421 7.171736 6.292933 5.250827 0.4481971 0.04890677 0 0 0 0 0 0 0 0 0 0 0 0 0 0 0 0 0 0 0
3.111105 3.290587 3.418878 3.941704 3.940969 3.933643 3.85695 3.675898 3.321956 4.070409 5.272575 5.952013 6.394382 6.619288 6.272118 5.885414 6.00477 6.839902 8.224982 11.27518 12.18242 12.50517 12.85565 12.85361 12.56007 13.14796 13.41221 13.72433 13.09001 14.02707 14.56455 13.24371 12.55768 11.48902 10.35669 9.502506 8.277074 7.805875 7.546933 7.358977 7.088144 6.584337 5.499403 3.487226 0.07915612 0 0 0 0 0 0 0 0 0 0 0 0 0 0 0 0 0 0.235053 0.02987789 0.1762176
3.111105 3.290587 3.418878 3.6628 3.736816 3.762448 3.620515 3.346099 2.786365 3.089332 3.776603 4.340802 5.549397 6.280337 6.042687 5.819781 5.75529 6.183033 7.827483 10.98941 12.09339 12.47785 12.66231 12.51109 12.08162 12.36288 12.48719 12.19795 11.95392 11.82616 11.35262 10.42679 9.86982 9.251477 8.823283 8.352298 7.756543 7.471053 7.041162 6.819867 6.529307 5.422496 3.562098 0.02679677 0.06607016 1.778952 2.282083 2.450449 0.4180204 0 0 0 0 0 0 0 0 0 1.245736 2.345527 2.543759 2.565518 2.457273 2.296486 2.028589
2.891288 2.991183 3.226006 3.497346 3.582887 3.603988 3.537777 3.313972 2.759742 2.70105 2.72722 2.825605 4.033146 5.190346 5.946064 5.896074 5.784752 6.02809 7.648118 10.74659 11.84974 12.25764 12.39482 12.26185 11.97127 11.82698 11.75631 11.4079 10.81236 10.60036 9.633209 9.009171 8.451221 7.864952 7.536086 7.556482 7.176692 7.138426 6.690206 6.44473 6.162618 1.633835 0.3335031 0 0 2.060961 2.848037 3.420127 3.07561 2.780768 2.760264 0.07641333 0 0.01822933 2.423126 2.543233 2.543234 2.543518 2.769736 2.828229 2.848037 2.848037 2.848037 2.845834 2.608838
1.393216 1.411034 2.513643 3.298085 3.296638 3.293358 3.36638 3.319163 2.848037 2.71978 2.543233 2.543233 2.837292 4.101616 5.721689 5.826565 5.852815 6.091153 7.04638 10.121 11.60105 12.52656 12.33649 11.99158 11.74357 12.50282 12.9156 12.37203 11.61841 10.50664 9.039935 8.110776 7.168343 6.18715 6.280122 6.828441 6.820643 6.544429 6.344846 5.867337 4.770467 0.1754826 0 0.103383 2.363926 2.965666 3.497903 4.907176 5.446129 5.113549 2.804487 0.1251644 0 0.01287885 2.366225 2.593227 2.577077 2.543539 2.484406 2.611432 2.848037 2.848037 2.848037 2.845834 2.608838
0 0 0.7613301 1.6274 2.686761 3.095784 3.210704 3.207728 2.907018 2.796262 2.716813 2.574792 2.675411 3.158384 5.29481 5.778612 5.769686 5.561833 6.236713 9.089489 11.08938 12.55014 13.4125 13.91813 14.6734 16.18802 17.14876 15.20281 12.40736 10.50117 7.577822 6.900717 6.03175 5.213476 6.164288 6.257522 6.24636 6.215109 6.01723 4.104674 0.1866498 0 0 0.1262982 3.009743 3.714301 3.497903 4.907176 5.446129 5.113549 2.804487 0.1251644 0 0.01287885 2.366225 2.593227 2.577077 2.543539 2.484406 2.611432 2.848037 2.848037 2.848037 2.848037 2.848037
0 0 0 0.1289665 0.6567863 2.327394 2.969386 2.954294 3.02151 2.969873 2.824055 2.787147 2.672168 2.652532 3.827598 5.179691 5.426718 4.908437 5.563583 8.748854 11.06028 13.37077 15.41794 17.08006 18.41073 17.59912 15.11731 12.72027 9.973097 8.52302 5.468381 6.900717 6.03175 5.213476 6.164288 6.257522 6.24636 6.215109 6.01723 4.104674 0.1866498 0 0 0.1262982 3.009743 3.714301 4.272941 6.131078 4.371965 2.441073 0 0 0.1474453 0.03223229 2.672594 2.848037 2.848037 2.848037 2.848037 2.848037 2.848037 2.848037 2.848037 2.848037 2.848037
0 0 0 0 0 0.4567863 1.651488 2.848037 2.907067 2.906421 2.848037 2.848037 2.653369 2.361258 2.877264 3.931186 5.426718 4.908437 5.563583 8.748854 11.06028 13.37077 15.41794 17.08006 19.53387 17.59912 15.11731 12.72027 9.973097 8.52302 5.468381 4.647321 2.957597 0.3365434 0.04665519 0.7172354 0.244359 0.001564056 0.7293777 0.38325 0 0 0.5395514 3.117307 3.964007 4.572859 5.108721 3.532774 2.573775 1.728219 0 0 0.343503 2.848037 2.848037 2.848037 2.848037 2.848037 2.848037 2.848037 2.848037 2.848037 2.848037 2.848037 2.848037
