p3-simplify/brunsdem.asc
ncols         387
nrows         532
xllcorner     419688.56395223
yllcorner     4858364.4576917
cellsize      26.33763506777
NODATA_value  -9999
[rows 203 to 231 of 532, columns 195 to 259 of 387]
13.91234 17.91449 18.43027 18.69859 18.9714 19.15185 19.19392 20.04336 20.22313 20.64147 21.15208 21.40785 21.44106 21.75316 21.77544 21.90703 22.05527 22.32255 22.20745 21.53154 19.9005 17.88958 18.973 20.87418 22.78489 21.82355 20.04117 17.21785 18.30438 20.12865 21.27413 21.55336 21.73079 21.43977 20.95807 19.89677 21.27747 21.78585 22.43575 23.04083 23.65731 24.46458 24.89476 25.17832 25.42723 25.94645 27.17666 27.52535 28.31311 29.92406 31.82565 34.93895 39.35283 38.71458 37.80905 37.00327 36.09513 34.49965 33.18918 31.15312 29.89994 28.92696 28.4743 27.4142 27.23887
12.40707 14.35627 18.00289 18.38805 18.6404 18.74544 18.67814 18.59566 19.38623 20.28142 21.15208 21.40785 21.44106 21.75316 21.77544 21.90703 22.05527 22.32255 22.20745 21.53154 19.9005 17.88958 18.973 20.87418 22.78489 21.085 18.62515 16.98391 19.71321 22.00745 21.74154 22.28716 22.79158 22.99344 22.83258 21.44881 21.38836 21.82506 22.6482 23.29744 23.945 24.44289 24.94077 25.35041 25.70069 26.25838 27.54979 28.0606 28.83762 30.06748 31.4485 36.52943 36.78984 35.95544 34.83104 34.47672 34.11678 32.39957 31.16548 29.4466 28.24183 27.56832 27.66722 27.5461 27.63471
12.40707 14.35627 18.00289 18.38805 18.6404 18.74544 18.67814 18.59566 19.38623 20.28142 21.13214 21.35839 21.36676 21.70115 21.84635 21.77258 21.78524 21.99748 21.97718 21.28402 18.24509 18.63799 20.01727 21.63873 22.15856 20.14357 17.85811 18.43574 20.41098 22.26488 22.54187 23.09451 23.60887 24.09899 24.03172 23.12049 22.49643 22.70076 23.14381 23.51098 24.18192 24.58051 25.03382 25.67066 26.00801 26.48685 27.68747 28.1938 28.898 29.79752 30.64605 34.44039 34.2234 33.35772 32.33675 31.96534 31.82984 30.6293 29.5664 28.16745 27.07874 26.79506 27.07682 27.26421 27.37113
13.54838 14.06801 16.3769 17.89207 17.8348 17.80828 18.01989 18.11448 18.71959 19.53373 20.87416 21.10483 21.13626 21.13626 21.13626 21.3542 21.65323 21.72005 21.41873 20.60705 18.6583 19.30367 20.26849 21.26457 21.42483 19.64133 17.5305 18.71713 20.55567 22.5429 23.09093 23.6397 24.09734 24.54834 24.7289 24.38534 24.08015 23.81433 23.72709 23.72709 24.17795 24.6558 25.23746 25.98874 26.32312 26.79462 27.63778 28.37556 29.06896 29.81947 30.4222 31.74024 30.69099 29.86072 29.72633 29.65168 29.56212 28.8959 28.20384 27.24684 26.53624 26.25762 26.45167 26.68015 27.0656
14.16379 13.49537 13.91525 14.54402 15.80873 16.99278 17.7438 18.47087 19.30349 20.08328 21.13626 21.13626 21.13626 21.13626 21.13626 21.18362 21.3118 21.68735 21.25041 20.83639 19.74816 19.82003 20.44101 21.19591 21.10758 19.69579 17.73814 18.26746 20.02678 22.30042 22.82226 23.43914 23.95203 24.412 24.58141 24.6415 24.58468 24.41861 24.26114 24.16225 24.14771 24.73689 25.59179 26.48577 26.82391 27.18843 27.77363 28.05765 28.53238 29.13068 29.95749 29.19653 27.52215 27.00495 27.06101 27.44053 27.78818 27.19117 26.87755 26.30516 25.23341 25.29844 25.84697 26.53326 27.40729
14.4009 17.49435 15.75747 14.98604 16.46374 17.71659 18.44727 19.38296 20.17346 20.77037 21.13626 21.13626 21.13626 21.13626 21.13626 21.33184 21.57076 21.72173 21.19767 21.02404 20.58564 20.55573 20.77841 21.22801 21.29382 20.30906 18.81628 18.6098 19.58192 21.78952 22.3169 23.04022 23.63031 24.11054 24.38401 24.84277 24.94596 24.87248 24.74061 24.67474 24.74417 25.24737 26.12242 26.8696 27.30823 27.56847 27.61992 27.32728 27.33541 27.47522 27.49343 27.02692 25.81086 27.00495 27.06101 27.44053 27.78818 27.19117 26.87755 26.30516 25.23341 25.29844 25.84697 26.53326 27.40729
14.80805 18.02222 19.24323 19.01007 18.55427 18.86773 19.28243 20.23361 20.78386 21.13626 21.15033 21.18673 21.23628 21.20628 21.22804 21.42409 21.68352 21.72547 21.49413 21.23708 21.23873 20.85361 20.84534 21.23069 21.46951 20.95103 19.96723 19.54223 19.9092 21.62459 22.15103 22.87771 23.4719 23.99262 24.34684 24.93243 25.27692 25.27909 24.74061 24.67474 24.74417 25.24737 26.12242 26.8696 27.30823 27.56847 27.61992 27.32728 27.33541 27.47522 27.49343 27.02692 25.81086 24.93019 24.84378 25.36314 26.24614 26.2048 25.93776 25.11715 24.15 24.44664 25.50998 26.49959 27.65325
16.17426 18.78633 19.12767 19.50962 18.92412 19.38433 19.88239 20.77679 21.03389 21.13626 21.13626 21.36657 21.46892 21.50676 21.54497 21.55845 21.57996 21.71817 21.7266 21.44106 21.44106 21.13008 20.84534 21.53869 21.46951 20.95103 19.96723 19.54223 19.9092 21.62459 22.15103 22.87771 23.4719 23.99262 24.34684 24.93243 25.27692 25.27909 25.20212 25.24797 25.63169 26.09074 26.79054 27.12604 27.4511 27.50335 26.92326 26.31688 25.86695 25.32793 25.25378 25.35816 25.02505 24.14307 23.99554 24.45921 25.19238 24.71645 24.58289 24.33992 22.05842 23.59685 25.47616 26.47803 27.52796
15.98381 18.74211 19.00246 19.28357 19.33271 19.84307 20.32547 20.77679 21.03389 21.13626 21.13626 21.36657 21.46892 21.50676 21.54497 21.55845 21.57996 21.71817 21.7266 21.44106 21.44106 21.13008 21.03267 21.2739 21.57518 21.5243 20.99499 20.6598 20.61779 21.45008 21.97963 22.79692 23.46473 23.9578 24.66794 25.10311 25.40351 25.40351 25.40351 25.43727 25.88842 26.26581 26.62309 26.93997 26.9209 26.39533 25.75987 25.26029 24.44304 23.28226 22.82968 24.46214 24.2916 22.29999 22.74635 23.49196 23.52249 23.97914 24.20956 23.95713 20.76572 22.20275 24.87243 25.93963 27.12388
15.98381 18.74211 19.00246 19.28357 19.33271 19.84307 20.32547 21.02124 21.13626 21.13626 21.13626 21.35995 21.58211 21.72028 21.82149 21.86785 21.86087 21.85645 21.80883 21.66795 21.59649 21.30273 21.13626 21.13626 21.50735 21.79909 21.83187 21.57366 21.46927 21.27787 21.70119 22.54842 23.28069 23.76262 24.56969 25.03565 25.40351 25.40351 25.40351 25.4465 25.9006 26.06235 26.11447 25.95279 25.84776 25.27697 24.95979 23.87237 22.66961 21.10494 20.34976 22.59344 22.65838 21.15443 21.17284 21.90978 21.26085 23.1773 23.92641 22.51261 18.74754 20.32745 25.13805 26.66843 28.38943
14.16546 17.61649 18.7195 19.08318 19.47309 19.98494 20.46681 21.09059 21.13626 21.16826 21.21554 21.39219 21.77728 21.83937 21.99679 22.1109 22.14807 22.07879 22.19765 22.12977 21.95946 21.52133 21.23563 21.13626 21.59906 22.17641 22.77395 23.06872 23.11731 21.73982 21.72268 22.50174 23.38666 24.06539 24.69059 25.11045 25.42639 25.57377 25.60404 25.69409 25.8083 25.80349 25.67953 25.25429 24.68699 24.54737 24.29607 22.16654 20.65105 19.13623 18.38307 20.4388 20.91477 20.37077 19.22771 19.41086 20.91718 22.1249 22.37758 19.87187 16.28861 19.22841 25.42531 27.26818 29.30178
14.51971 15.64573 18.12995 18.94917 19.33902 20.07684 20.75169 21.13626 21.19397 21.32795 21.50061 21.39717 21.81511 21.99641 22.14238 22.26042 22.32145 22.22511 22.41408 22.45215 22.27371 21.9438 21.54106 21.13626 21.67434 22.40242 23.32325 23.86269 24.23594 23.47586 23.22809 23.27963 23.67385 24.24926 24.79437 24.99302 25.47949 25.978 26.02751 25.96391 25.78678 25.3522 24.66058 24.34537 23.06087 22.86275 22.31502 20.18945 18.53948 17.07653 17.00663 18.61469 18.83624 18.56668 18.21602 18.66203 18.71475 20.12435 20.19795 17.15656 14.317 18.45209 25.42323 27.81555 29.37036
16.25571 14.70942 16.08676 18.12777 18.85922 20.11746 20.98457 21.13626 21.27418 21.44657 21.50663 21.23749 21.57279 21.82237 22.10306 22.26569 22.35547 22.35547 22.57296 22.63038 22.56171 22.34177 21.906 21.17095 21.76995 22.56342 23.4258 23.98097 24.46093 24.57581 24.37525 24.11482 24.01966 24.02645 24.78904 25.22817 26.0437 26.4157 26.39015 26.2572 25.8373 25.21212 24.23262 22.44469 21.00513 20.15868 19.61185 18.25256 16.81648 15.19256 17.00663 18.61469 18.83624 18.56668 18.21602 18.66203 18.71475 20.12435 20.19795 17.15656 14.317 18.45209 25.42323 27.81555 29.37036
18.62486 14.7374 13.98891 16.63881 18.32268 20.06084 21.05275 21.22179 21.28517 21.27261 21.16461 21.13626 21.20415 21.38314 21.63693 21.85697 22.06691 22.15475 22.60953 22.86853 22.99389 22.72455 22.40091 22.47718 22.58082 22.96433 23.60062 24.01884 24.5177 24.98739 24.77653 24.53648 24.33383 24.13037 24.96388 25.22817 26.0437 26.4157 26.39015 26.2572 25.8373 25.21212 24.23262 22.44469 21.00513 20.15868 19.61185 18.25256 16.81648 15.19256 15.19256 17.43429 18.3094 15.99998 17.68472 18.82394 18.22713 17.32974 15.84197 12.10263 15.85642 19.34181 24.50359 26.72866 27.59294
18.91029 16.03055 14.51271 14.7643 17.53108 19.7836 21.10747 21.24584 21.22633 21.13626 21.13626 21.13626 21.13626 21.13626 21.32965 21.55923 21.83772 22.41823 22.68844 23.01937 22.99389 22.72455 22.40091 22.47718 22.58082 22.96433 23.60062 24.01884 24.84246 24.98739 24.77653 24.53648 24.33383 24.13037 24.96388 25.97169 26.48379 26.77789 26.70386 26.5387 25.68333 25.25712 24.70346 23.05583 19.68519 17.65251 17.11942 16.42625 15.49316 14.48492 14.74358 16.07179 16.26966 14.94911 16.74258 17.88339 15.41218 14.23883 12.89436 13.54199 18.7308 20.64918 23.26972 24.74843 22.42931
19.06787 17.5549 16.40421 14.62918 17.53108 19.7836 21.10747 21.24584 21.22633 21.13626 21.13626 21.13626 21.13626 21.13626 21.32965 21.55923 21.83772 22.41823 22.68844 23.01937 23.20729 23.1395 23.04641 23.39069 23.52094 23.65517 23.89105 24.27084 24.91442 25.33233 25.2768 25.07068 24.85137 24.48995 25.14431 26.14549 26.83177 27.09021 27.02575 26.35285 25.83133 25.52946 25.22015 24.46659 21.49794 17.6408 15.2541 13.87187 12.97269 12.4178 13.99981 14.57678 15.29215 12.07556 14.3213 15.57652 15.366 12.96739 11.24334 13.52647 18.76725 21.46646 21.4378 17.78057 14.72366
19.06787 17.5549 16.40421 14.62918 17.18388 19.59708 20.95501 21.08566 21.13626 21.13626 21.13626 21.13626 21.13626 21.13626 21.44309 21.73473 22.02755 22.66021 22.89474 23.01426 23.20884 23.38512 23.58524 23.99496 24.03793 24.14638 24.42497 24.62879 25.35147 25.68113 25.83588 25.59731 25.37528 25.83696 26.00573 26.6329 27.16196 27.40093 27.34351 26.63757 26.11832 25.61807 24.7484 23.67886 21.75808 17.99383 16.58686 15.18984 13.74116 10.55116 12.3416 12.58727 12.31641 11.79684 11.1375 10.80689 15.17723 11.91814 9.305685 11.99722 17.43303 19.07338 16.24804 12.16001 9.742871
19.41698 18.97812 18.48971 17.01678 16.35587 17.55919 20.67142 21.08788 21.13626 21.13626 21.13626 21.13626 21.13626 21.13626 21.27858 21.53752 21.8938 22.52729 22.81845 23.01083 23.21111 23.44056 23.74588 24.18429 24.1843 24.25456 24.53957 24.92958 25.95058 26.26674 26.43772 26.28326 26.23705 26.53569 26.8702 27.2314 27.76442 27.95945 27.72157 27.20818 26.68184 25.97142 24.71324 23.63414 22.06634 19.53165 18.09496 16.15761 14.2375 11.04486 10.32629 10.90439 10.47858 10.28546 9.48539 9.295836 15.40198 12.63724 9.462861 11.08924 15.69387 13.18992 10.75403 7.810779 6.09694
19.83611 19.91945 20.02162 19.93632 17.11889 16.46684 19.32025 20.26349 20.48811 20.62993 20.87439 21.07338 21.13626 21.13626 21.13626 21.21722 21.40311 22.6196 22.96406 23.24884 23.44825 23.5314 23.68179 24.14936 24.1843 24.28696 24.82048 25.42824 26.35271 26.85251 27.06059 26.85837 26.6244 26.89622 27.43812 27.54694 27.82681 28.06832 27.98391 27.81899 27.3023 26.72945 25.89204 24.5125 22.91408 20.17673 17.60862 15.84463 14.01558 11.35345 8.571618 8.21558 8.322726 8.44974 7.005096 6.205958 14.3789 12.71727 10.4213 8.937901 11.74561 8.720938 6.774466 7.810779 6.09694
20.11217 20.52044 20.80105 21.10555 20.09324 18.88368 18.62693 19.66103 20.28482 20.70689 20.9594 21.2161 21.35311 21.35699 21.45728 21.55149 21.67534 22.54329 22.99611 23.05863 23.27999 23.59344 23.88124 24.37411 24.40444 24.58342 25.40499 26.0183 26.89994 27.1841 27.21187 27.16601 27.20002 27.48654 28.10641 28.42372 28.98778 28.88658 28.78492 28.43483 28.10889 27.66305 26.83065 25.1525 23.78194 21.40628 19.35123 17.80501 14.01558 11.35345 8.571618 8.21558 8.322726 8.44974 7.005096 6.205958 14.3789 12.71727 10.4213 8.937901 11.74561 8.720938 6.774466 4.32793 3.665711
20.55338 20.83176 21.07657 21.19761 21.18166 20.77224 20.38217 20.57247 20.82998 20.88542 21.08344 21.1979 21.46653 21.64355 21.82849 21.96418 22.01426 22.36904 22.59876 23.01241 23.42983 23.6924 23.94465 24.87036 24.94272 25.18472 26.18469 26.68339 27.504 27.79578 27.53443 27.56388 27.20002 27.48654 28.10641 28.42372 28.98778 28.88658 28.78492 28.43483 28.10889 27.66305 26.83065 25.1525 23.78194 21.40628 19.35123 17.80501 16.41012 13.80413 9.359627 7.943663 5.590279 6.259749 4.982511 4.311606 10.25841 9.734992 8.719198 6.488487 6.710259 5.242959 3.485167 2.944134 2.934405
20.69329 20.95968 21.17067 21.30976 21.19739 21.13626 21.31835 21.33674 21.23121 21.05406 20.91741 21.17236 21.23285 21.45724 21.70949 21.88213 22.06296 22.36904 22.59876 23.01241 23.42983 23.6924 24.16193 24.87036 24.94272 25.18472 26.18469 26.68339 27.504 27.79578 27.53443 27.56388 27.81812 28.52322 28.74987 29.06341 29.63228 29.76694 29.72278 29.34549 28.82582 28.29848 27.18868 26.04285 24.87576 22.3497 20.89727 19.45358 17.90214 15.30927 9.834844 8.357502 5.564809 3.408988 2.974377 2.904177 6.475595 6.198725 5.941824 2.919173 2.848037 3.103808 2.858217 2.848037 2.848037
20.87199 21.1438 21.17067 21.30976 21.19739 21.13626 21.31835 21.33674 21.23121 21.05406 20.91741 21.17236 21.23285 21.45724 21.70949 21.88213 22.06296 22.38766 22.68886 23.0119 23.46731 23.72931 24.16676 24.93468 25.75648 26.74058 26.87605 27.10021 27.84445 28.12655 28.07124 28.1434 28.44812 29.18077 29.36284 29.67271 30.24927 30.40001 30.4698 30.26196 29.5438 28.98241 28.10279 26.67986 24.58047 23.57072 21.11853 19.26646 17.08337 13.80948 9.049527 7.257783 4.943504 3.085886 2.848037 2.848037 2.848037 2.950953 3.100482 2.855374 2.848037 2.848037 2.848037 2.848037 2.848037
20.87199 21.1438 21.40668 21.61757 21.57985 21.54423 21.45035 21.44106 21.34243 21.11945 21.09441 21.13626 21.14885 21.17154 21.39464 21.53323 21.52305 22.28419 22.7604 23.25963 23.28176 23.60531 24.17123 25.17045 26.06528 26.95039 27.21625 27.43188 28.16682 28.73219 28.88326 29.00682 29.34449 29.81505 29.97459 30.2767 30.56837 30.75187 30.84684 30.88998 30.35554 29.77779 28.75149 27.66521 26.92009 25.37461 22.84007 20.9411 19.17826 15.86944 8.961941 6.697216 3.427369 2.917978 2.848037 2.848037 2.848037 2.848037 2.848037 2.848037 2.848037 2.848037 2.848037 2.848037 2.848037
21.13686 21.38026 21.49403 21.69908 21.88324 21.88578 21.69922 21.65368 21.5092 21.13626 21.13626 21.13626 21.13626 21.13626 21.1768 21.19711 21.18927 22.23395 22.76865 23.27754 23.49702 23.68486 24.46332 25.67888 26.45224 27.2556 27.81977 27.99589 28.47482 29.04806 29.46056 29.67257 29.96591 30.41973 30.51637 30.59039 31.18251 31.40857 31.61967 31.55261 30.91735 30.29125 29.6701 28.88215 27.63215 25.38044 21.98307 20.01211 18.13535 16.03463 7.194026 4.77955 2.902533 2.848037 2.848037 2.848037 2.848037 2.848037 2.848037 2.848037 2.848037 2.848037 2.848037 2.848037 2.848037
21.3035 21.51241 21.69621 21.72692 21.94054 22.01364 21.98821 21.82428 21.57011 21.13626 21.13626 21.18742 21.41223 21.39492 21.36666 21.38565 21.46053 22.93536 23.74285 23.84635 23.82126 23.95399 25.35122 26.75111 27.30763 27.83162 28.13498 28.3405 29.05435 29.35623 29.78143 30.09703 30.57753 30.88998 30.88998 30.89682 31.49921 31.97059 32.29972 32.74472 32.1213 31.48899 30.59798 29.8638 29.36178 27.45578 23.18569 19.45945 15.70438 11.80761 5.639477 3.159352 2.870086 2.848037 2.848037 2.848037 2.848037 2.848037 2.848037 2.848037 2.848037 2.848037 2.848037 2.848037 2.848037
21.1923 21.40443 21.77087 21.96817 22.15438 22.27509 22.30208 22.08798 21.76864 21.13626 21.13626 21.40623 21.4631 21.9148 21.90706 21.99653 22.35218 23.7116 24.15014 24.17415 24.14548 24.15247 25.96187 27.19719 27.62851 27.87358 28.43972 28.64389 29.36803 29.66201 30.07899 30.34494 30.59721 31.40966 31.57843 31.81015 32.10306 32.3549 32.59555 33.32403 33.01912 32.67498 32.11055 31.36831 29.84167 27.45578 23.18569 19.45945 15.70438 11.80761 5.639477 3.159352 2.870086 2.848037 2.848037 2.848037 2.848037 2.848037 2.848037 2.848037 2.848037 2.848037 2.848037 2.848037 2.848037
21.29175 21.42739 21.51616 21.75501 22.01409 22.34052 22.12488 22.22843 22.2281 22.24972 21.72126 21.78115 22.32471 22.29412 22.5401 22.93213 23.53424 24.3567 24.73894 24.78546 24.49102 24.53377 26.59039 27.32743 27.74185 28.15375 28.44736 28.8882 29.67797 29.97496 30.07899 30.34494 30.59721 31.40966 31.57843 31.81015 32.10306 32.3549 32.59555 33.32403 33.01912 32.67498 32.11055 31.36831 29.84167 27.45212 22.25036 18.94823 15.5692 9.55625 5.118382 3.689035 2.915819 2.848037 2.848037 2.848037 2.848037 2.848037 2.848037 2.848037 2.848037 2.848037 2.848037 2.848037 2.848037
21.18144 21.27655 21.45186 21.47095 21.70313 22.08151 22.29832 22.32265 22.39995 22.62456 22.33805 22.34281 22.65319 22.87354 22.5401 22.93213 23.98387 24.3567 24.73894 24.78546 24.49102 24.53377 26.59039 27.32743 27.74185 28.15375 28.44736 29.25329 29.67797 29.97496 30.23859 30.40843 30.60684 31.45185 31.61917 31.81787 32.38275 32.63144 33.33251 33.58553 33.28352 33.06628 32.97781 32.08696 28.21749 23.92088 20.14064 17.1812 14.2472 10.15066 5.916546 4.171951 2.977628 2.848037 2.848037 2.848037 2.848037 2.848037 2.848037 2.848037 2.848037 2.848037 2.848037 2.848037 2.848037
