p2-viewshed/hemisphere.asc
ncols 500
nrows 500
xllcorner 0
yllcorner 0
cellsize 1.000000
NODATA_value -9999
[rows 312 to 335 of 500, columns 378 to 431 of 500]
818.3109871 818.90504204 819.49372664 820.07705291 820.6550327 821.22767775 821.79499961 822.35700973 822.9137194 823.46513977 824.01128185 824.55215653 825.08777454 825.61814649 826.14328285 826.66319397 827.17789007 827.68738122 828.19167737 828.69078836 829.18472387 829.6734935 830.15710668 830.63557275 831.1089009 831.57710023 832.04017969 832.49814813 832.95101427 833.39878672 833.84147398 834.27908441 834.71162629 835.13910774 835.56153682 835.97892144 836.39126941 836.79858842 837.20088608 837.59816985 837.99044712 838.37772513 838.76001106 839.13731196 839.50963476 839.87698631 840.23937335 840.5968025 840.94928031 841.2968132 841.63940749 841.97706941 842.3098051 842.63762056
817.8806619 818.47521026 819.06438271 819.64819128 820.22664789 820.7997643 821.36755212 821.93002283 822.48718776 823.0390581 823.58564491 824.1269591 824.66301146 825.19381262 825.71937311 826.23970329 826.75481342 827.26471361 827.76941386 828.26892402 828.76325382 829.25241288 829.73641067 830.21525656 830.68895978 831.15752945 831.62097455 832.07930397 832.53252645 832.98065063 833.42368504 833.86163808 834.29451803 834.72233307 835.14509125 835.56280053 835.97546875 836.38310362 836.78571276 837.18330368 837.57588376 837.96346031 838.34604049 838.72363139 839.09623996 839.46387308 839.82653751 840.18423989 840.53698678 840.88478462 841.22763977 841.56555847 841.89854687 842.22661101
817.44306676 818.0381181 818.62778783 819.21208804 819.79103068 820.36462756 820.93289034 821.49583053 822.05345951 822.6057885 823.15282861 823.6945908 824.23108587 824.76232451 825.28831728 825.80907459 826.32460672 826.83492383 827.34003594 827.83995294 828.33468461 828.82424058 829.30863037 829.78786337 830.26194885 830.73089596 831.19471372 831.65341103 832.10699668 832.55547933 832.99886754 833.43716973 833.87039423 834.29854923 834.72164282 835.13968298 835.55267756 835.96063432 836.3635609 836.76146482 837.15435351 837.54223428 837.92511433 838.30300077 838.67590057 839.04382063 839.40676773 839.76474854 840.11776964 840.46583749 840.80895847 841.14713884 841.48038476 841.80870231
816.99817664 817.5937406 818.18391715 818.76871841 819.34815639 819.92224294 820.49098976 821.05440841 821.61251031 822.16530673 822.7128088 823.25502753 823.79197377 824.32365824 824.85009154 825.37128412 825.88724629 826.39798826 826.90352007 827.40385166 827.89899284 828.38895327 828.87374251 829.35336999 829.827845 830.29717672 830.76137421 831.2204464 831.67440211 832.12325003 832.56699875 833.00565672 833.4392323 833.8677337 834.29116905 834.70954635 835.12287348 835.53115822 835.93440824 836.3326311 836.72583423 837.11402497 837.49721056 837.87539812 838.24859465 838.61680707 838.98004218 839.33830667 839.69160716 840.03995011 840.38334193 840.7217889 841.05529721 841.38387294
816.54596592 817.14205225 817.73274524 818.31805708 818.8979998 819.47258531 820.04182536 820.60573153 821.16431531 821.717588 822.26556078 822.80824469 823.34565063 823.87778937 824.40467152 824.92630759 825.44270793 825.95388277 826.45984221 826.96059621 827.45615462 827.94652714 828.43172336 828.91175274 829.38662461 829.85634818 830.32093255 830.78038667 831.2347194 831.68393946 832.12805547 832.5670759 833.00100915 833.42986346 833.85364698 834.27236774 834.68603366 835.09465253 835.49823206 835.89677982 836.29030328 836.67880981 837.06230666 837.44080097 837.81429978 838.18281003 838.54633854 838.90489203 839.25847712 839.60710032 839.95076805 840.2894866 840.62326219 840.95210092
816.08640845 816.68302699 817.27424615 817.86007817 818.44053513 819.01562899 819.58537152 820.14977439 820.7088491 821.262607 821.81105933 822.35421715 822.89209141 823.42469292 823.95203234 824.4741202 824.99096691 825.50258273 826.0089778 826.51016211 827.00614555 827.49693785 827.98254865 828.46298744 828.93826357 829.40838631 829.87336477 830.33320794 830.78792472 831.23752385 831.68201398 832.12140363 832.5557012 832.98491498 833.40905315 833.82812377 834.24213477 834.65109398 835.05500914 835.45388784 835.84773758 836.23656575 836.62037963 836.99918639 837.3729931 837.74180669 838.10563404 838.46448188 838.81835685 839.16726548 839.51121422 839.85020938 840.1842572 840.5133638
815.61947748 816.21663817 816.80839333 817.39475525 817.97573605 818.55134773 819.12160213 819.68651095 820.24608573 820.80033788 821.34927867 821.89291921 822.43127051 822.96434339 823.49214857 824.01469662 824.53199798 825.04406296 825.55090173 826.05252433 826.54894067 827.04016054 827.5261936 828.00704937 828.48273725 828.95326653 829.41864637 829.87888579 830.3339937 830.7839789 831.22885007 831.66861574 832.10328437 832.53286426 832.95736361 833.37679053 833.79115297 834.2004588 834.60471576 835.00393149 835.39811352 835.78726926 836.171406 836.55053096 836.92465121 837.29377373 837.6579054 838.017053 838.37122317 838.72042248 839.06465739 839.40393424 839.73825928 840.06763866
815.1451457 815.7428586 816.33515969 816.92206131 817.50357565 818.07971474 818.65049047 819.21591458 819.77599868 820.3307542 820.88019247 821.42432465 821.96316177 822.49671471 823.02499423 823.54801095 824.06577534 824.57829774 825.08558837 825.58765732 826.08451453 826.57616982 827.06263288 827.54391329 828.02002048 828.49096377 828.95675234 829.41739526 829.87290149 830.32327983 830.76853901 831.20868759 831.64373406 832.07368675 832.4985539 832.91834362 833.33306393 833.7427227 834.14732772 834.54688664 834.94140701 835.33089628 835.71536178 836.09481073 836.46925025 836.83868733 837.20312888 837.56258168 837.91705243 838.26654771 838.61107399 838.95063765 839.28524496 839.61490209
814.6633852 815.26166047 815.85451753 816.44196878 817.02402645 817.60070262 818.17200925 818.73795811 819.29856086 819.85382899 820.40377385 820.94840666 821.4877385 822.02178028 822.55054282 823.07403676 823.59227263 824.10526081 824.61301155 825.11553499 825.6128411 826.10493974 826.59184065 827.07355344 827.55008756 828.02145239 828.48765713 828.9487109 829.40462268 829.85540131 830.30105554 830.74159399 831.17702515 831.60735741 832.03259902 832.45275814 832.8678428 833.27786091 833.68282028 834.0827286 834.47759345 834.8674223 835.2522225 835.6320013 836.00676585 836.37652318 836.7412802 837.10104373 837.45582049 837.80561708 838.15044 838.49029564 838.82519031 839.15513019
814.17416749 814.77301539 815.36643857 815.95444947 816.53706037 817.11428343 817.68613062 818.25261379 818.81374462 819.36953467 819.91999534 820.46513788 821.00497341 821.53951292 822.06876723 822.59274705 823.11146295 823.62492534 824.13314454 824.63613068 825.13389382 825.62644384 826.11379051 826.59594349 827.07291226 827.54470624 828.01133467 828.4728067 828.92913134 829.38031747 829.82637389 830.26730922 830.70313201 831.13385066 831.55947348 831.98000864 832.3954642 832.80584811 833.2111682 833.6114322 834.00664771 834.39682223 834.78196315 835.16207773 835.53717314 835.90725645 836.2723346 836.63241443 836.98750268 837.33760597 837.68273084 838.0228837 838.35807087 838.68829857
813.67746343 814.27689435 814.87089391 815.45947459 816.04264876 816.62042859 817.19282612 817.75985325 818.32152171 818.8778431 819.42882888 819.97449034 820.51483866 821.04988485 821.5796398 822.10411425 822.62331881 823.13726396 823.64596002 824.1494172 824.64764557 825.14065507 825.62845551 826.11105656 826.58846779 827.06069861 827.52775832 827.98965609 828.44640099 828.89800192 829.34446771 829.78580703 830.22202844 830.6531404 831.07915123 831.50006914 831.91590223 832.32665847 832.73234572 833.13297174 833.52854417 833.91907052 834.30455821 834.68501455 835.06044672 835.43086181 835.7962668 836.15666856 836.51207383 836.86248929 837.20792147 837.54837683 837.8838617 838.21438231
813.1732433 813.77326774 814.36785405 814.95701477 815.54076232 816.11910892 816.69206668 817.25964753 817.82186327 818.37872554 818.93024584 819.47643552 820.0173058 820.55286775 821.08313229 821.60811021 822.12781217 822.64224868 823.15143013 823.65536674 824.15406865 824.64754582 825.13580811 825.61886523 826.09672678 826.56940222 827.03690088 827.49923198 827.9564046 828.4084277 828.85531013 829.29706061 829.73368773 830.16519997 830.5916057 831.01291315 831.42913045 831.84026561 832.24632653 832.64732098 833.04325663 833.43414104 833.81998164 834.20078578 834.57656066 834.9473134 835.313051 835.67378036 836.02950827 836.38024139 836.72598631 837.0667495 837.40253731 837.73335602
812.66147673 813.2621053 813.85728885 814.44703999 815.03137115 815.61029466 816.18382263 816.75196708 817.31473985 817.87215263 818.42421696 818.97094426 819.51234579 820.04843266 820.57921584 821.10470618 821.62491437 822.13985097 822.6495264 823.15395095 823.65313478 824.14708791 824.63582022 825.11934148 825.59766132 826.07078923 826.5387346 827.00150667 827.45911457 827.9115673 828.35887372 828.80104261 829.23808258 829.67000216 830.09680973 830.51851358 830.93512186 831.34664261 831.75308376 832.15445312 832.55075838 832.94200714 833.32820686 833.70936489 834.0854885 834.45658481 834.82266087 835.18372358 835.53977976 835.89083612 836.23689926 836.57797566 836.91407173 837.24519373
812.14213269 812.74337615 813.33916756 813.92951958 814.51444473 815.09395536 815.66806367 816.23678171 816.80012136 817.35809439 817.91071239 818.45798682 818.99992898 819.53655004 820.06786103 820.59387282 821.11459617 821.63004167 822.14021979 822.64514087 823.14481511 823.63925256 824.12846316 824.61245672 825.09124289 825.56483123 826.03323115 826.49645193 826.95450274 827.40739262 827.85513047 828.29772509 828.73518515 829.16751919 829.59473565 830.01684283 830.43384892 830.845762 831.25259002 831.65434084 832.05102216 832.44264162 832.82920672 833.21072483 833.58720324 833.95864911 834.32506951 834.68647138 835.04286155 835.39424678 835.74063366 836.08202874 836.41843841 836.74986899
811.61517954 812.21704874 812.81345874 813.40442226 813.98995188 814.57005999 815.14475885 815.71406057 816.2779771 816.83652024 817.38970164 817.9375328 818.48002509 819.01718973 819.54903777 820.07558017 820.5968277 821.11279101 821.62348063 822.12890693 822.62908015 823.1240104 823.61370765 824.09818175 824.5774424 825.0514992 825.5203616 825.98403892 826.44254036 826.895875 827.34405179 827.78707956 828.22496701 828.65772273 829.08535517 829.50787269 829.9252835 830.33759572 830.74481734 831.14695622 831.54402014 831.93601673 832.32295353 832.70483796 833.08167731 833.4534788 833.8202495 834.18199639 834.53872634 834.89044611 835.23716235 835.5788816 835.9156103 836.24735478
811.08058492 811.68309086 812.28013032 812.87171608 813.45786075 814.03857682 814.61387659 815.18377222 815.74827571 816.30739893 816.86115357 817.4095512 817.95260323 818.49032092 819.0227154 819.54979764 820.07157848 820.58806863 821.09927865 821.60521895 822.10589983 822.60133144 823.0915238 823.57648678 824.05623016 824.53076354 825.00009643 825.4642382 825.92319808 826.37698519 826.82560851 827.26907692 827.70739915 828.14058383 828.56863945 828.99157439 829.40939692 829.82211517 830.22973716 830.63227081 831.02972391 831.42210413 831.80941904 832.19167609 832.5688826 832.94104582 833.30817285 833.6702707 834.02734626 834.37940633 834.72645757 835.06850656 835.40555976 835.73762354
810.53831582 811.14146963 811.73914954 812.33136839 812.91813887 813.49947349 814.07538463 814.64588451 815.21098518 815.77069857 816.32503642 816.87401036 817.41763184 817.95591218 818.48886256 819.01649401 819.53881742 820.05584352 820.56758294 821.07404614 821.57524346 822.07118509 822.5618811 823.04734141 823.52757583 824.00259402 824.47240552 824.93701973 825.39644595 825.85069331 826.29977085 826.74368748 827.18245197 827.61607298 828.04455904 828.46791858 828.88615988 829.29929112 829.70732037 830.11025555 830.5081045 830.90087492 831.28857441 831.67121046 832.04879042 832.42132155 832.788811 833.15126581 833.50869289 833.86109906 834.20849102 834.55087538 834.88825862 835.22064714
809.98833852 810.59215148 811.19048297 811.78334591 812.37075303 812.95271694 813.52925005 814.10036464 814.66607284 815.2263866 815.78131775 816.33087795 816.87507872 817.41393143 817.9474473 818.47563743 818.99851274 819.51608403 820.02836196 820.53535706 821.03707969 821.53354011 822.02474842 822.5107146 822.99144849 823.4669598 823.93725811 824.40235287 824.8622534 825.3169689 825.76650843 826.21088094 826.65009525 827.08416005 827.51308391 827.93687529 828.35554251 828.76909379 829.17753723 829.58088079 829.97913233 830.3722996 830.76039022 831.14341171 831.52137147 831.89427678 832.26213481 832.62495264 832.9827372 833.33549536 833.68323383 834.02595925 834.36367813 834.69639689
809.43061862 810.03510212 810.63409646 811.22761461 811.81566938 812.39827343 812.97543923 813.54717914 814.11350531 814.67442979 815.22996444 815.78012098 816.32491099 816.8643459 817.39843697 817.92719535 818.45063203 818.96875785 819.48158352 819.98911961 820.49137655 820.98836462 821.48009399 821.96657468 822.44781656 822.9238294 823.39462283 823.86020632 824.32058925 824.77578086 825.22579024 825.67062639 826.11029817 826.54481429 826.97418339 827.39841394 827.81751432 828.23149277 828.64035741 829.04411627 829.44277723 829.83634807 830.22483645 830.60824991 830.98659588 831.35988169 831.72811454 832.09130152 832.44944962 832.8025657 833.15065653 833.49372876 833.83178895 834.16484352
808.86512097 809.47028656 810.06995515 810.66413978 811.25285333 811.83610851 812.41391788 812.98629381 813.55324856 814.11479421 814.6709427 815.22170578 815.76709511 816.30712216 816.84179826 817.37113459 817.89514221 818.41383202 818.92721476 819.43530105 819.93810139 820.43562609 820.92788538 821.41488931 821.89664782 822.37317071 822.84446764 823.31054816 823.77142167 824.22709744 824.67758464 825.12289228 825.56302925 825.99800435 826.4278262 826.85250335 827.27204419 827.68645701 828.09574998 828.49993114 828.89900842 829.29298963 829.68188246 830.06569449 830.44443319 830.8181059 831.18671986 831.55028221 831.90879994 832.26227996 832.61072906 832.95415393 833.29256115 833.62595716
808.2918097 808.89766907 809.49802346 810.09288599 810.68226959 811.26618704 811.84465095 812.41767378 812.98526783 813.54744525 814.10421802 814.65559798 815.20159683 815.74222609 816.27749716 816.80742127 817.33200952 817.85127288 818.36522213 818.87386797 819.3772209 819.87529133 820.36808949 820.85562552 821.33790939 821.81495094 822.28675989 822.75334581 823.21471817 823.67088628 824.12185934 824.5676464 825.00825642 825.44369819 825.87398042 826.29911167 826.71910038 827.13395488 827.54368336 827.9482939 828.34779448 828.74219294 829.131497 829.51571428 829.89485228 830.26891837 830.63791983 831.00186381 831.36075736 831.7146074 832.06342077 832.40720417 832.7459642 833.07970736
807.71064818 808.31721317 808.91826507 809.51381705 810.10388211 810.6884731 811.2676027 811.84128342 812.40952763 812.97234754 813.5297552 814.0817625 814.62838119 815.16962286 815.70549896 816.23602079 816.7611995 817.28104609 817.79557143 818.30478624 818.80870109 819.30732643 819.80067256 820.28874964 820.7715677 821.24913664 821.72146621 822.18856604 822.65044562 823.10711433 823.55858139 824.00485592 824.4459469 824.88186318 825.31261349 825.73820644 826.15865051 826.57395405 826.98412532 827.38917243 827.78910338 828.18392605 828.5736482 828.95827749 829.33782144 829.71228746 830.08168287 830.44601484 830.80529046 831.15951668 831.50870037 831.85284825 832.19196697 832.52606304
807.12159903 807.72888165 808.3306429 808.92689604 809.51765412 810.10293007 810.68273663 811.25708638 811.82599176 812.38946502 812.94751829 813.50016352 814.04741251 814.58927693 815.12576826 815.65689788 816.18267697 816.70311661 817.21822772 817.72802106 818.23250727 818.73169684 819.22560012 819.71422732 820.19758853 820.67569368 821.14855258 821.61617491 822.0785702 822.53574787 822.98771719 823.43448732 823.87606729 824.31246598 824.74369217 825.16975451 825.59066152 826.0064216 826.41704302 826.82253395 827.22290242 827.61815635 828.00830354 828.39335166 828.7733083 829.14818089 829.51797677 829.88270317 830.24236718 830.59697582 830.94653594 831.29105434 831.63053768 831.9649925
806.52462407 807.13263647 807.73511909 808.33208524 808.92354807 809.50952055 810.09001549 810.66504556 811.23462324 811.79876087 812.35747061 812.9107645 813.45865439 814.00115201 814.5382689 815.0700165 815.59640605 816.11744868 816.63315536 817.14353692 817.64860404 818.14836726 818.642837 819.13202351 819.61593693 820.09458724 820.56798429 821.03613782 821.4990574 821.9567525 822.40923243 822.8565064 823.29858348 823.7354726 824.16718257 824.59372209 825.01509971 825.43132388 825.84240292 826.24834501 826.64915825 827.04485057 827.43542982 827.82090371 828.20127985 828.57656572 828.94676869 829.31189602 829.67195484 830.02695218 830.37689496 830.72178998 831.06164393 831.3964634
