p2-viewshed/hemisphere.asc
ncols 500
nrows 500
xllcorner 0
yllcorner 0
cellsize 1.000000
NODATA_value -9999
[rows 288 to 311 of 500, columns 432 to 485 of 500]
850.79889596 851.11239505 851.42106573 851.72491329 852.02394296 852.31815986 852.60756905 852.89217547 853.17198398 853.44699936 853.71722629 853.98266938 854.24333314 854.49922199 854.75034026 854.99669222 855.23828202 855.47511375 855.70719141 855.93451891 856.15710006 856.37493863 856.58803826 856.79640254 857.00003496 857.19893892 857.39311776 857.58257472 857.76731297 857.94733558 858.12264557 858.29324586 858.45913927 858.62032857 858.77681645 858.92860549 859.07569821 859.21809707 859.35580441 859.48882251 859.61715359 859.74079975 859.85976304 859.97404544 860.08364882 860.18857499 860.28882569 860.38440256 860.47530719 860.56154107 860.64310561 860.72000216 860.79223199 860.85979629
850.54824737 850.86188733 851.17069654 851.47468033 851.77384392 852.06819245 852.35773097 852.64246445 852.92239776 853.19753567 853.46788289 853.73344402 853.99422358 854.250226 854.50145564 854.74791675 854.9896135 855.22654998 855.4587302 855.68615807 855.90883744 856.12677204 856.33996555 856.54842155 856.75214354 856.95113493 857.14539907 857.33493919 857.51975848 857.69986001 857.87524681 858.04592178 858.21188779 858.37314758 858.52970385 858.6815592 858.82871615 858.97117714 859.10894454 859.24202064 859.37040763 859.49410764 859.61312273 859.72745486 859.83710592 859.94207772 860.042372 860.1379904 860.22893452 860.31520584 860.39680579 860.47373572 860.54599689 860.6135905
850.29109673 850.6048814 850.91383294 851.21795666 851.51725783 851.81174157 852.10141296 852.38627697 852.66633847 852.94160226 853.21207304 853.47775543 853.73865395 853.99477305 854.24611708 854.49269032 854.73449693 854.97154102 855.2038266 855.43135759 855.65413784 855.8721711 856.08546104 856.29401126 856.49782526 856.69690647 856.89125822 857.08088377 857.2657863 857.44596891 857.6214346 857.7921863 857.95822687 858.11955908 858.27618561 858.42810907 858.57533198 858.71785681 858.85568591 858.98882157 859.11726601 859.24102134 859.36008964 859.47447285 859.58417289 859.68919156 859.7895306 859.88519167 859.97617634 860.06248614 860.14412246 860.22108667 860.29338004 860.36100375
850.02743196 850.34136521 850.65046287 850.95473027 851.25417268 851.54879526 851.83860306 852.12360108 852.4037942 852.67918723 852.94978487 853.21559175 853.47661241 853.73285131 853.98431279 854.23100114 854.47292055 854.71007511 854.94246886 855.17010572 855.39298954 855.61112409 855.82451304 856.03316 856.23706847 856.43624188 856.63068358 856.82039685 857.00538484 857.18565068 857.36119737 857.53202785 857.69814497 857.85955152 858.01625018 858.16824357 858.31553421 858.45812457 858.59601701 858.72921383 858.85771724 858.98152937 859.10065228 859.21508795 859.32483827 859.42990506 859.53029005 859.62599492 859.71702125 859.80337053 859.8850442 859.96204361 860.03437002 860.10202464
849.75724065 850.07132636 850.38057396 850.68498881 850.98457616 851.27934119 851.56928898 851.85442452 852.1347527 852.41027834 852.68100616 852.9469408 853.20808679 853.46444861 853.71603061 853.96283709 854.20487224 854.44214017 854.67464491 854.90239041 855.12538051 855.34361899 855.55710954 855.76585576 855.96986116 856.1691292 856.36366321 856.55346646 856.73854216 856.9188934 857.0945232 857.26543451 857.43163019 857.59311302 857.7498857 857.90195084 858.04931098 858.19196859 858.32992603 858.4631856 858.59174952 858.71561993 858.83479889 858.94928837 859.05909029 859.16420645 859.2646386 859.36038841 859.45145747 859.53784727 859.61955926 859.69659478 859.76895511 859.83664144
849.48051001 849.79475209 850.10415349 850.40871956 850.70845558 851.00336672 851.29345809 851.57873467 851.85920137 852.13486303 852.40572437 852.67179003 852.93306457 853.18955246 853.44125807 853.6881857 853.93033956 854.16772376 854.40034235 854.62819926 854.85129837 855.06964345 855.28323819 855.49208621 855.69619104 855.89555611 856.09018479 856.28008035 856.46524599 856.64568482 856.82139986 856.99239408 857.15867033 857.32023139 857.47707998 857.62921871 857.77665013 857.9193767 858.05740079 858.19072473 858.31935071 858.44328089 858.56251733 858.67706201 858.78691684 858.89208364 858.99256416 859.08836006 859.17947294 859.26590431 859.34765559 859.42472815 859.49712326 859.56484212
849.19722694 849.51162933 849.82118839 850.12590949 850.42579791 850.72085885 851.01109739 851.29651857 851.57712729 851.85292838 852.12392659 852.39012658 852.65153289 852.90815002 853.15998235 853.40703418 853.64930973 853.88681313 854.11954842 854.34751955 854.5707304 854.78918475 855.00288631 855.2118387 855.41604544 855.61550999 855.81023571 856.0002259 856.18548374 856.36601235 856.54181479 856.71289398 856.87925282 857.04089408 857.19782049 857.35003466 857.49753914 857.64033641 857.77842884 857.91181874 858.04050835 858.1644998 858.28379516 858.39839642 858.50830549 858.6135242 858.7140543 858.80989745 858.90105525 858.98752922 859.06932079 859.14643132 859.21886208 859.28661428
848.90737796 849.22194463 849.53166525 849.83654521 850.13658979 850.43180421 850.72219358 851.00776292 851.28851715 851.56446113 851.83559959 852.10193721 852.36347856 852.62022812 852.87219029 853.11936939 853.36176963 853.59939516 853.83225003 854.06033819 854.28366354 854.50222987 854.71604088 854.9251002 855.12941137 855.32897785 855.52380301 855.71389015 855.89924246 856.07986309 856.25575506 856.42692133 856.59336479 856.75508823 856.91209437 857.06438584 857.21196519 857.35483489 857.49299734 857.62645484 857.75520963 857.87926386 857.9986196 858.11327884 858.22324349 858.32851538 858.42909628 858.52498784 858.61619168 858.7027093 858.78454214 858.86169157 858.93415887 859.00194523
848.61094926 848.92568419 849.23557029 849.54061295 849.84081749 850.13618912 850.42673297 850.71245406 850.99335734 851.26944765 851.54072977 851.80720836 852.06888801 852.32577322 852.57786838 852.82517782 853.06770578 853.30545641 853.53843375 853.76664178 853.9900844 854.20876541 854.42268852 854.63185736 854.83627549 855.03594637 855.23087338 855.42105982 855.6065089 855.78722375 855.96320742 856.13446289 856.30099302 856.46280062 856.61988842 856.77225906 856.91991508 857.06285898 857.20109314 857.33461988 857.46344143 857.58755996 857.70697753 857.82169615 857.93171772 858.03704409 858.13767701 858.23361816 858.32486914 858.41143147 858.49330659 858.57049586 858.64300057 858.71082192
848.30792665 848.62283385 848.93288937 849.23809862 849.53846693 849.83399952 850.12470152 850.41057798 850.69163386 850.967874 851.23930319 851.50592612 851.76774736 852.02477143 852.27700275 852.52444565 852.76710437 853.00498306 853.23808579 853.46641655 853.68997924 853.90877765 854.12281553 854.3320965 854.53662414 854.7364019 854.93143318 855.12172128 855.30726942 855.48808074 855.6641583 855.83550507 856.00212394 856.16401771 856.32118911 856.4736408 856.62137532 856.76439517 856.90270274 857.03630036 857.16519027 857.28937462 857.4088555 857.52363491 857.63371476 857.73909689 857.83978308 857.93577499 858.02707423 858.11368233 858.19560073 858.27283079 858.34537381 858.41323098
847.99829558 848.31337908 848.623608 848.92898775 849.22952366 849.52522098 849.81608485 850.10212032 850.38333236 850.65972584 850.93130556 851.19807619 851.46004234 851.71720854 851.9695792 852.21715868 852.45995121 852.69796097 852.93119203 853.15964838 853.38333394 853.60225251 853.81640784 854.02580357 854.23044327 854.43033041 854.6254684 854.81586054 855.00151006 855.18242011 855.35859375 855.53003396 855.69674363 855.85872558 856.01598255 856.16851718 856.31633204 856.45942961 856.59781232 856.73148248 856.86044233 856.98469405 857.10423971 857.21908132 857.32922081 857.43466002 857.53540071 857.63144457 857.7227932 857.80944814 857.89141083 857.96868263 858.04126485 858.10915868
847.68204114 847.99730501 848.30771132 848.61326549 848.91397288 849.20983872 849.50086818 849.78706633 850.06843814 850.3449885 850.61672219 850.88364394 851.14575834 851.40306993 851.65558315 851.90330234 852.14623177 852.38437562 852.61773796 852.8463228 853.07013405 853.28917555 853.50345103 853.71296416 853.9177185 854.11771754 854.31296469 854.50346326 854.6892165 854.87022755 855.04649948 855.21803527 855.38483784 855.54691 855.7042545 855.85687397 856.00477101 856.14794811 856.28640767 856.42015204 856.54918345 856.67350407 856.79311601 856.90802126 857.01822176 857.12371935 857.2245158 857.3206128 857.41201196 857.49871481 857.58072281 857.65803732 857.73065963 857.79859096
847.35914803 847.67459637 847.9851841 848.29091665 848.5917994 848.88783759 849.1790364 849.46540092 849.74693612 850.0236469 850.29553808 850.56261436 850.82488037 851.08234066 851.33499966 851.58286174 851.82593117 852.06421214 852.29770873 852.52642497 852.75036477 852.96953198 853.18393033 853.39356351 853.59843509 853.79854857 853.99390735 854.18451477 854.37037406 854.55148839 854.72786084 854.89949439 855.06639196 855.22855637 855.38599037 855.53869661 855.6866777 855.82993611 855.96847427 856.10229451 856.2313991 856.3557902 856.4754699 856.59044023 856.70070312 856.80626041 856.90711388 857.00326523 857.09471606 857.18146791 857.26352223 857.34088041 857.41354373 857.48151341
847.02960059 847.34523753 847.65601073 847.96192565 848.26298767 848.55920207 848.85057401 849.13710861 849.41881085 849.69568565 849.96773782 850.23497209 850.49739309 850.75500539 851.00781343 851.25582159 851.49903414 851.73745529 851.97108913 852.1999397 852.42401091 852.64330663 852.8578306 853.06758651 853.27257794 853.4728084 853.66828131 853.85899999 854.04496771 854.22618763 854.40266283 854.57439631 854.741391 854.90364971 855.06117521 855.21397016 855.36203716 855.5053787 855.6439972 855.77789502 855.90707441 856.03153755 856.15128654 856.2663234 856.37665006 856.48226838 856.58318014 856.67938704 856.77089069 856.85769263 856.93979432 857.01719714 857.08990238 857.15791126
846.69338278 847.00921246 847.32017522 847.62627653 847.92752177 848.22391625 848.51546514 848.80217356 849.08404651 849.36108893 849.63330563 849.90070137 850.16328078 850.42104843 850.67400878 850.92216622 851.16552505 851.40408946 851.63786357 851.86685141 852.09105693 852.31048398 852.52513633 852.73501767 852.94013158 853.1404816 853.33607113 853.52690353 853.71298205 853.89430987 854.07089009 854.24272569 854.40981962 854.57217471 854.72979372 854.88267933 855.03083412 855.17426061 855.31296122 855.44693832 855.57619415 855.70073091 855.8205507 855.93565555 856.04604738 856.15172808 856.25269941 856.34896308 856.44052071 856.52737384 856.60952393 856.68697236 856.75972044 856.82776938
846.35047817 846.66650478 846.9776612 847.28395294 847.58538539 847.88196384 848.17369352 848.46057953 848.74262691 849.01984058 849.29222538 849.55978608 849.82252733 850.0804537 850.33356967 850.58187963 850.82538789 851.06409867 851.29801609 851.52714418 851.75148691 851.97104814 852.18583165 852.39584112 852.60108018 852.80155233 852.99726101 853.18820959 853.37440131 853.55583938 853.73252687 853.90446681 854.07166214 854.23411569 854.39183023 854.54480844 854.69305293 854.83656621 854.97535071 855.10940879 855.23874273 855.3633547 855.48324682 855.59842112 855.70887955 855.81462396 855.91565615 856.01197782 856.10359059 856.19049601 856.27269555 856.35019059 856.42298243 856.4910723
846.00086992 846.31709768 846.62845192 846.93493816 847.23656181 847.53332819 847.82524252 848.11230992 848.39453544 848.67192403 848.94448053 849.21220972 849.47511626 849.73320474 849.98647965 850.2349454 850.47860629 850.71746656 850.95153034 851.18080169 851.40528456 851.62498283 851.83990029 852.05004064 852.2554075 852.4560044 852.65183479 852.84290201 853.02920936 853.21076001 853.38755708 853.55960358 853.72690246 853.88945657 854.04726868 854.20034148 854.34867758 854.49227949 854.63114967 854.76529047 854.89470417 855.01939296 855.13935895 855.25460419 855.36513062 855.47094011 855.57203445 855.66841535 855.76008445 855.84704328 855.92929332 856.00683595 856.07967249 856.14780416
845.64454083 845.96097398 846.27253022 846.57921507 846.88103396 847.17799222 847.4700951 847.75734772 848.03975515 848.31732234 848.59005416 848.85795539 849.12103071 849.37928472 849.63272192 849.88134673 850.12516347 850.36417639 850.59838962 850.82780723 851.05243319 851.27227139 851.48732563 851.69759962 851.90309698 852.10382125 852.29977589 852.49096427 852.67738966 852.85905528 853.03596422 853.20811953 853.37552414 853.53818093 853.69609266 853.84926204 853.99769167 854.14138409 854.28034175 854.414567 854.54406214 854.66882936 854.78887078 854.90418845 855.01478431 855.12066024 855.22181805 855.31825943 855.40998603 855.49699939 855.57930099 855.65689222 855.7297744 855.79794874
845.28147328 845.59811609 845.90987854 846.21676614 846.51878434 846.81593849 847.10823383 847.39567553 847.67826865 847.95601817 848.22892895 848.49700581 848.76025342 849.0186764 849.27227927 849.52106645 849.76504229 850.00421101 850.2385768 850.46814372 850.69291575 850.91289679 851.12809065 851.33850104 851.54413161 851.74498591 851.94106739 852.13237943 852.31892533 852.50070829 852.67773144 852.84999781 853.01751035 853.18027194 853.33828537 853.49155333 853.64007844 853.78386324 853.92291019 854.05722165 854.18679992 854.3116472 854.43176561 854.54715721 854.65782395 854.7637677 854.86499028 854.9614934 855.0532787 855.14034772 855.22270196 855.30034279 855.37327155 855.44148946
844.91164923 845.22850604 845.54047892 845.84757345 846.14979505 846.44714911 846.73964089 847.02727555 847.31005818 847.58799377 847.8610872 848.12934329 848.39276673 848.65136216 848.9051341 849.15408699 849.39822517 849.63755292 849.8720744 850.10179369 850.32671478 850.54684159 850.76217793 850.97272754 851.17849405 851.37948103 851.57569196 851.7671302 851.95379908 852.13570179 852.31284148 852.48522119 852.65284388 852.81571242 852.97382962 853.12719818 853.27582073 853.41969981 853.55883788 853.69323731 853.82290041 853.94782939 854.06802638 854.18349342 854.29423248 854.40024545 854.50153414 854.59810025 854.68994544 854.77707127 854.85947922 854.93717068 855.01014697 855.07840933
844.53505027 844.85212541 845.16431302 845.47161866 845.77404781 846.07160584 846.36429804 846.65212958 846.93510557 847.21323101 847.48651079 847.75494975 848.01855259 848.27732396 848.5312684 848.78039036 849.02469419 849.26418418 849.4988645 849.72873925 849.95381244 850.17408797 850.38956968 850.60026132 850.80616653 851.00728889 851.20363187 851.39519888 851.58199322 851.76401811 851.9412767 852.11377205 852.28150711 852.44448478 852.60270785 852.75617905 852.904901 853.04887626 853.18810729 853.32259649 853.45234614 853.57735847 853.69763561 853.81317962 853.92399248 854.03007606 854.13143218 854.22806257 854.31996888 854.40715265 854.48961539 854.5673585 854.64038329 854.708691
844.15165752 844.46895538 844.78136203 845.08888304 845.3915239 845.68929 845.98218663 846.27021901 846.55339224 846.83171133 847.1051812 847.37380669 847.63759254 847.89654338 848.15066377 848.39995819 848.64443099 848.88408647 849.11892882 849.34896214 849.57419046 849.7946177 850.01024769 850.2210842 850.42713089 850.62839133 850.82486902 851.01656736 851.20348968 851.3856392 851.56301907 851.73563236 851.90348204 852.06657101 852.22490208 852.37847797 852.52730131 852.67137468 852.81070054 852.94528128 853.07511921 853.20021656 853.32057547 853.43619799 853.5470861 853.65324171 853.75466662 853.85136257 853.9433312 854.03057409 854.11309272 854.1908885 854.26396276 854.33231673
843.76145173 844.07897673 844.39160676 844.69934741 845.00220418 845.30018247 845.59328761 845.8815248 846.16489918 846.44341576 846.7170795 846.98589522 847.24986769 847.50900156 847.7633014 848.01277168 848.2574168 848.49724105 848.73224863 848.96244367 849.18783019 849.40841213 849.62419335 849.8351776 850.04136856 850.24276982 850.43938488 850.63121716 850.81826998 851.00054659 851.17805014 851.35078371 851.51875028 851.68195275 851.84039395 851.99407659 852.14300334 852.28717675 852.42659931 852.56127341 852.69120136 852.81638541 852.93682769 853.05253027 853.16349514 853.26972419 853.37121925 853.46798205 853.56001424 853.64731741 853.72989303 853.80774253 853.88086723 853.94926838
843.36441318 843.68216979 843.99502759 844.30299218 844.6060691 844.90426375 845.19758148 845.4860275 845.76960697 846.04832493 846.32218632 846.59119601 846.85535875 847.11467924 847.36916203 847.61881164 847.86363245 848.10362877 848.33880483 848.56916475 848.79471257 849.01545224 849.23138763 849.44252251 849.64886057 849.8504054 850.04716052 850.23912935 850.42631523 850.60872142 850.78635107 850.95920727 851.12729301 851.29061121 851.44916468 851.60295617 851.75198834 851.89626375 852.03578489 852.17055417 852.30057391 852.42584635 852.54637363 852.66215784 852.77320096 852.87950489 852.98107147 853.07790242 853.16999942 853.25736404 853.33999777 853.41790203 853.49107816 853.5595274
