p2-viewshed/hemisphere.asc
ncols 500
nrows 500
xllcorner 0
yllcorner 0
cellsize 1.000000
NODATA_value -9999
[rows 168 to 191 of 500, columns 324 to 377 of 500]
768.20457331 769.13003144 770.04899922 770.96150193 771.86756454 772.76721167 773.66046767 774.54735657 775.42790209 776.30212768 777.17005646 778.03171131 778.88711478 779.73628919 780.57925653 781.41603857 782.24665677 783.07113236 783.88948629 784.70173926 785.5079117 786.30802382 787.10209556 787.89014663 788.67219648 789.44826434 790.21836921 790.98252985 791.74076477 792.49309231 793.23953052 793.98009729 794.71481025 795.44368685 796.16674429 796.88399959 797.59546956 798.30117079 799.00111969 799.69533245 800.38382508 801.06661337 801.74371296 802.41513926 803.0809075 803.74103274 804.39552985 805.0444135 805.68769821 806.32539829 806.95752791 807.58410103 808.20513146 808.82063284
768.8122137 769.7364527 770.65421476 771.56552499 772.47040818 773.36888882 774.2609911 775.14673888 776.02615575 776.899265 777.76608963 778.62665236 779.48097561 780.32908154 781.17099205 782.00672875 782.83631298 783.65976584 784.47710816 785.2883605 786.09354321 786.89267635 787.68577975 788.47287301 789.25397547 790.02910626 790.79828425 791.5615281 792.31885624 793.07028687 793.81583797 794.55552731 795.28937245 796.01739071 796.73959922 797.45601491 798.16665448 798.87153445 799.57067113 800.26408063 800.95177887 801.63378157 802.31010427 802.98076231 803.64577084 804.30514484 804.9588991 805.60704823 806.24960665 806.88658863 807.51800823 808.14387937 808.76421579 809.37903104
769.4112407 770.33428237 771.25086023 772.16099923 773.06472402 773.96205892 774.85302796 775.73765488 776.61596311 777.48797579 778.35371579 779.21320569 780.06646777 780.91352408 781.75439636 782.5891061 783.41767453 784.24012262 785.05647106 785.86674032 786.67095061 787.46912188 788.26127386 789.04742602 789.82759761 790.60180764 791.37007488 792.13241789 792.88885498 793.63940427 794.38408365 795.12291077 795.85590309 796.58307786 797.30445211 798.02004268 798.72986618 799.43393904 800.13227749 800.82489755 801.51181506 802.19304567 802.86860481 803.53850777 804.20276961 804.86140524 805.51442937 806.16185653 806.80370108 807.43997721 808.07069892 808.69588006 809.31553428 809.92967509
770.00170028 770.92356609 771.83898097 772.74796971 773.65055679 774.54676641 775.43662243 776.32014845 777.19736776 778.06830337 778.932978 779.7914141 780.64363382 781.48965908 782.32951148 783.16321241 783.99078296 784.81224398 785.62761605 786.43691951 787.24017447 788.03740077 788.82861801 789.61384558 790.39310259 791.16640796 791.93378037 792.69523826 793.45079986 794.20048317 794.94430599 795.68228589 796.41444023 797.14078616 797.86134064 798.57612039 799.28514196 799.98842168 800.68597571 801.37781998 802.06397025 802.74444207 803.41925084 804.08841172 804.75193974 805.4098497 806.06215625 806.70887385 807.35001679 807.98559919 808.61563497 809.24013792 809.85912163 810.47259954
770.58363738 771.50434851 772.41862133 773.32648047 774.22795027 775.12305477 776.01181771 776.89426253 777.77041238 778.64029014 779.50391839 780.36131946 781.21251537 782.05752789 782.89637854 783.72908855 784.5556789 785.37617032 786.19058329 786.99893803 787.80125452 788.59755251 789.38785148 790.17217072 790.95052925 791.72294586 792.48943914 793.25002744 794.00472889 794.75356139 795.49654264 796.23369013 796.96502112 797.69055268 798.41030167 799.12428473 799.83251833 800.53501872 801.23180196 801.92288391 802.60828025 803.28800647 803.96207785 804.63050952 805.2933164 805.95051324 806.60211462 807.24813491 807.88858835 808.52348897 809.15285066 809.7766871 810.39501184 811.00783825
771.15709596 772.0766733 772.98982469 773.89657461 774.79694727 775.69096656 776.57865606 777.4600391 778.33513869 779.20397756 780.06657818 780.92296273 781.77315312 782.61717101 783.45503776 784.28677451 785.11240211 785.93194118 786.74541209 787.55283494 788.35422961 789.14961574 789.93901271 790.72243968 791.49991559 792.27145915 793.03708881 793.79682285 794.55067928 795.29867594 796.04083043 796.77716013 797.50768222 798.23241369 798.95137131 799.66457164 800.37203106 801.07376574 801.76979165 802.4601246 803.14478017 803.82377376 804.49712062 805.16483576 805.82693405 806.48343017 807.13433862 807.77967372 808.41944961 809.05368028 809.68237954 810.30556102 810.92323819 811.53542437
771.72211901 772.64058315 773.55263346 774.45829428 775.35758966 776.25054336 777.13717883 778.01751925 778.89158751 779.75940621 780.62099769 781.476384 782.32558693 783.16862802 784.00552851 784.83630942 785.6609915 786.47959525 787.29214091 788.09864851 788.89913779 789.69362829 790.48213929 791.26468987 792.04129885 792.81198483 793.57676619 794.3356611 795.08868749 795.83586309 796.57720541 797.31273176 798.04245923 798.76640472 799.48458491 800.19701629 800.90371514 801.60469757 802.29997947 802.98957655 803.67350434 804.35177816 805.02441317 805.69142433 806.35282643 807.00863407 807.6588617 808.30352355 808.94263372 809.57620612 810.20425449 810.82679241 811.44383328 812.05539036
772.27874857 773.19611983 774.10708914 775.01168069 775.9099184 776.80182587 777.68742645 778.56674317 779.43979879 780.30661578 781.16721636 782.02162247 782.86985577 783.71193766 784.54788931 785.37773159 786.20148515 787.01917037 787.8308074 788.63641614 789.43601625 790.22962716 791.01726806 791.7989579 792.57471542 793.34455912 794.10850731 794.86657803 795.61878914 796.36515829 797.10570288 797.84044015 798.5693871 799.29256054 800.00997707 800.7216531 801.42760485 802.12784832 802.82239934 803.51127355 804.19448639 804.87205313 805.54398883 806.2103084 806.87102656 807.52615783 808.17571659 808.81971702 809.45817315 810.09109882 810.71850771 811.34041333 811.95682904 812.56776802
772.82702575 773.74332419 774.6532323 775.55677416 776.45397353 777.3448539 778.22943847 779.10775015 779.97981157 780.84564509 781.7052728 782.5587165 783.40599775 784.24713785 785.08215783 785.91107847 786.73392029 787.55070358 788.36144837 789.16617447 789.96490144 790.75764859 791.54443502 792.32527959 793.10020094 793.86921749 794.63234743 795.38960873 796.14101916 796.88659627 797.6263574 798.36031967 799.08850002 799.81091518 800.52758166 801.2385158 801.94373373 802.64325138 803.33708452 804.02524869 804.70775927 805.38463145 806.05588024 806.72152047 807.38156678 808.03603364 808.68493535 809.32828605 809.96609968 810.59839002 811.22517071 811.84645518 812.46225673 813.07258849
773.36699076 774.28223616 775.19110263 776.09361411 776.98979424 777.87966638 778.76325359 779.64057865 780.51166409 781.37653212 782.23520473 783.08770361 783.93405019 784.77426567 785.60837095 786.43638671 787.25833337 788.07423111 788.88409987 789.68795934 790.48582897 791.277728 792.06367542 792.84369001 793.61779029 794.38599461 795.14832106 795.90478753 796.65541169 797.40021102 798.13920276 798.87240396 799.59983148 800.32150196 801.03743183 801.74763737 802.45213462 803.15093944 803.84406752 804.53153433 805.21335519 805.88954522 806.56011934 807.22509232 807.88447875 808.53829303 809.18654939 809.82926189 810.46644443 811.09811073 811.72427435 812.34494869 812.96014697 813.56988226
773.89868292 774.8128948 775.72073893 776.62223911 777.51741885 778.40630137 779.28890962 780.16526627 781.03539369 781.89931402 782.7570491 783.60862051 784.45404958 785.29335737 786.12656472 786.95369217 787.77476005 788.58978843 789.39879714 790.20180579 790.99883372 791.78990009 792.57502377 793.35422346 794.1275176 794.89492443 795.65646197 796.41214802 797.16200016 797.90603579 798.64427206 799.37672596 800.10341424 800.82435348 801.53956004 802.24905011 802.95283966 803.65094448 804.34338019 805.03016219 805.71130572 806.38682583 807.0567374 807.72105511 808.37979348 809.03296686 809.68058941 810.32267514 810.95923788 811.59029129 812.21584887 812.83592395 813.45052972 814.05967919
774.42214066 775.33533831 776.24217916 777.14268686 778.03688482 778.92479612 779.80644359 780.68184978 781.55103695 782.41402712 783.270842 784.12150309 784.96603159 785.80444847 786.63677443 787.46302994 788.2832352 789.09741021 789.90557468 790.70774813 791.50394981 792.29419877 793.07851381 793.85691351 794.62941626 795.39604018 796.15680322 796.91172309 797.66081729 798.40410313 799.14159769 799.87331788 800.59928037 801.31950166 802.03399804 802.74278563 803.44588031 804.14329783 804.8350537 805.52116328 806.20164174 806.87650405 807.54576502 808.20943929 808.8675413 809.52008534 810.16708552 810.80855576 811.44450985 812.0749614 812.69992383 813.31941044 813.93343434 814.5420085
774.93740157 775.84960403 776.75546041 777.65499424 778.54822879 779.43518703 780.31589168 781.19036515 782.05862961 782.92070695 783.77661878 784.62638648 785.47003115 786.30757365 787.13903459 787.96443432 788.78379296 789.59713038 790.40446624 791.20581992 792.00121061 792.79065724 793.57417855 794.35179302 795.12351894 795.88937436 796.64937713 797.4035449 798.15189507 798.89444488 799.63121134 800.36221126 801.08746125 801.80697773 802.52077692 803.22887486 803.93128737 804.62803012 805.31911856 806.00456798 806.68439347 807.35860996 808.02723219 808.69027471 809.34775193 809.99967806 810.64606715 811.28693308 811.92228956 812.55215015 813.17652822 813.79543701 814.40888957 815.01689881
775.4445024 776.35572848 777.26061897 778.15919729 779.05148659 779.93750972 780.81728928 781.69084757 782.55820664 783.41938827 784.27441398 785.12330502 785.9660824 786.80276687 787.63337895 788.45793888 789.27646668 790.08898215 790.89550481 791.69605399 792.49064876 793.27930799 794.0620503 794.8388941 795.6098576 796.37495876 797.13421535 797.88764493 798.63526484 799.37709222 800.11314402 800.84343696 801.56798759 802.28681225 802.99992709 803.70734807 804.40909097 805.10517135 805.79560462 806.480406 807.15959052 807.83317303 808.50116821 809.16359057 809.82045443 810.47177396 811.11756314 811.7578358 812.39260559 813.02188601 813.64569038 814.26403188 814.87692351 815.48437814
775.94347909 776.85374736 777.75769032 778.65533127 779.54669325 780.431799 781.31067098 782.18333141 783.04980222 783.91010507 784.76426137 785.6122923 786.45421874 787.29006134 788.11984053 788.94357645 789.76128903 790.57299796 791.37872269 792.17848244 792.97229622 793.76018277 794.54216066 795.31824821 796.08846352 796.8528245 797.61134883 798.36405399 799.11095723 799.85207564 800.58742607 801.31702518 802.04088944 802.75903513 803.47147832 804.1782349 804.87932058 805.57475088 806.26454111 806.94870644 807.62726183 808.30022208 808.9676018 809.62941543 810.28567726 810.93640137 811.5816017 812.22129201 812.85548591 813.48419684 814.10743806 814.7252227 815.33756372 815.94447391
776.43436675 777.34369556 778.24670913 779.14343065 780.03388304 780.91808891 781.79607064 782.66785032 783.53344978 784.39289057 785.24619401 786.09338116 786.93447281 787.76948953 788.59845161 789.42137913 790.23829192 791.04920958 791.85415146 792.6531367 793.44618421 794.23331267 795.01454054 795.78988608 796.55936729 797.32300202 798.08080785 798.83280219 799.57900223 800.31942496 801.05408717 801.78300545 802.5061962 803.22367562 803.93545972 804.64156433 805.34200508 806.03679741 806.72595661 807.40949775 808.08743574 808.75978531 809.42656103 810.08777727 810.74344825 811.39358801 812.03821043 812.67732922 813.31095792 813.93910991 814.56179843 815.17903653 815.79083712 816.39721296
776.91719973 777.82560721 778.72770932 779.62352912 780.51308942 781.39641274 782.27352133 783.14443718 784.00918201 784.86777728 785.7202442 786.56660373 787.40687657 788.24108318 789.06924377 789.89137833 790.70750658 791.51764805 792.32182199 793.12004747 793.91234329 794.69872807 795.47922018 796.25383779 797.02259884 797.78552107 798.54262202 799.29391901 800.03942915 800.77916936 801.51315636 802.24140667 802.96393663 803.68076235 804.39189979 805.09736471 805.79717267 806.49133906 807.17987909 807.86280777 808.54013997 809.21189034 809.8780734 810.53870345 811.19379467 811.84336104 812.48741637 813.12597432 813.7590484 814.38665192 815.00879806 815.62549983 816.2367701 816.84262156
777.39201157 778.29951565 779.20072401 780.09565961 780.98434514 781.86680302 782.74305538 783.61312413 784.47703086 785.33479696 786.18644352 787.0319914 787.87146122 788.70487334 789.53224788 790.35360474 791.16896355 791.97834374 792.7817645 793.57924479 794.37080335 795.1564587 795.93622914 796.71013276 797.47818742 798.24041079 798.99682032 799.74743327 800.49226667 801.23133738 801.96466205 802.69225712 803.41413885 804.13032332 804.8408264 805.54566379 806.24485098 806.93840331 807.62633591 808.30866376 808.98540164 809.65656417 810.32216578 810.98222075 811.63674317 812.28574697 812.92924594 813.56725365 814.19978357 814.82684897 815.44846296 816.06463852 816.67538846 817.28072541
777.85883508 778.76545348 779.6657856 780.55985432 781.44768219 782.32929155 783.20470442 784.07394259 784.93702758 785.79398066 786.64482284 787.48957488 788.3282573 789.16089037 789.98749413 790.80808838 791.62269267 792.43132635 793.23400851 794.03075804 794.8215936 795.60653363 796.38559634 797.15879975 797.92616165 798.68769963 799.44343108 800.19337316 800.93754286 801.67595695 802.40863201 803.13558443 803.8568304 804.57238592 805.28226681 805.98648869 806.68506701 807.37801704 808.06535386 808.74709236 809.4232473 810.09383321 810.75886449 811.41835534 812.07231982 812.7207718 813.363725 814.00119297 814.6331891 815.25972661 815.88081859 816.49647795 817.10671744 817.71154967
778.31770231 779.22345254 780.12292576 781.0161447 781.90313185 782.78390941 783.65849933 784.52692328 785.3892027 786.24535875 787.09541235 787.93938418 788.77729464 789.60916395 790.43501202 791.25485859 792.06872313 792.87662489 793.67858289 794.47461594 795.26474261 796.04898126 796.82735004 797.59986689 798.36654952 799.12741545 799.882482 800.63176626 801.37528514 802.11305536 802.84509342 803.57141565 804.29203818 805.00697693 805.71624767 806.41986596 807.11784719 807.81020656 808.4969591 809.17811964 809.85370288 810.5237233 811.18819524 811.84713286 812.50055014 813.14846092 813.79087886 814.42781747 815.05929007 815.68530985 816.30588984 816.9210429 817.53078174 818.13511894
778.76864458 779.67354397 780.5721754 781.4645615 782.35072466 783.23068698 784.10447031 784.97209623 785.83358607 786.6889609 787.53824156 788.38144862 789.21860242 790.04972306 790.8748304 791.69394407 792.50708347 793.31426775 794.11551588 794.91084656 795.7002783 796.48382939 797.2615179 798.03336168 798.79937839 799.55958547 800.31400016 801.06263951 801.80552034 802.5426593 803.27407284 803.99977722 804.7197885 805.43412255 806.14279507 806.84582156 807.54321735 808.23499759 808.92117724 809.60177109 810.27679377 810.94625972 811.61018321 812.26857835 812.92145908 813.56883919 814.21073227 814.84715179 815.47811102 816.10362312 816.72370105 817.33835763 817.94760553 818.55145728
779.21169249 780.11575817 781.01356475 781.90513477 782.79049049 783.66965395 784.54264687 785.40949075 786.27020683 787.12481609 787.97333928 788.81579687 789.65220913 790.48259607 791.30697746 792.12537285 792.93780155 793.74428266 794.54483504 795.33947734 796.12822798 796.91110517 797.68812691 798.45931099 799.224675 799.98423629 800.73801206 801.48601926 802.22827467 802.96479487 803.69559624 804.42069498 805.14010708 805.85384837 806.56193448 807.26438085 807.96120275 808.65241527 809.33803332 810.01807164 810.69254479 811.36146717 812.02485299 812.68271632 813.33507105 813.98193089 814.62330942 815.25922003 815.88967597 816.51469033 817.13427604 817.74844587 818.35721244 818.96058824
779.64687593 780.55012486 781.44712335 782.33789384 783.22245852 784.1008393 784.97305783 785.83913551 786.69909349 787.55295267 788.40073368 789.24245695 790.07814263 790.90781066 791.73148074 792.54917232 793.36090464 794.16669672 794.96656735 795.7605351 796.54861831 797.33083514 798.1072035 798.87774111 799.64246549 800.40139393 801.15454356 801.90193127 802.64357377 803.37948758 804.10968901 804.8341942 805.5530191 806.26617945 806.97369083 807.67556864 808.37182808 809.06248418 809.74755181 810.42704565 811.1009802 811.76936981 812.43222865 813.08957073 813.74140989 814.38775979 815.02863397 815.66404577 816.29400839 816.91853487 817.5376381 818.15133081 818.75962558 819.36253483
780.0742241 780.97667304 781.87288002 782.76286739 783.64665723 784.52427137 785.39573136 786.26105851 787.12027389 787.9733983 788.8204523 789.66145622 790.49643014 791.32539391 792.14836715 792.96536925 793.77641936 794.58153643 795.38073916 796.17404605 796.96147539 797.74304524 798.51877346 799.2886777 800.0527754 800.81108382 801.56361997 802.31040071 803.05144269 803.78676235 804.51637596 805.24029959 805.95854911 806.67114024 807.37808848 808.07940918 808.77511748 809.46522837 810.14975665 810.82871695 811.50212373 812.16999127 812.83233371 813.489165 814.14049893 814.78634912 815.42672906 816.06165204 816.69113122 817.31517959 817.93381 818.54703513 819.15486753 819.75731957
