p2-viewshed/hemisphere.asc
ncols 500
nrows 500
xllcorner 0
yllcorner 0
cellsize 1.000000
NODATA_value -9999
[rows 384 to 407 of 500, columns 216 to 269 of 500]
543.09749642 545.71655293 548.30114272 550.85241469 553.37144625 555.85924951 558.3167768 560.74492549 563.14454252 565.51642825 567.86134008 570.17999566 572.47307581 574.74122714 576.98506448 579.20517306 581.4021105 583.57640864 585.72857523 587.85909544 589.96843327 592.05703289 594.12531977 596.17370183 598.20257048 600.2123015 602.20325597 604.17578107 606.13021083 608.06686683 609.98605888 611.88808559 613.77323498 615.641785 617.49400401 619.33015127 621.15047739 622.95522468 624.74462761 626.51891313 628.27830103 630.02300423 631.75322912 633.46917584 635.17103851 636.85900554 638.53325984 640.19397903 641.84133571 643.47549761 645.0966278 646.70488489 648.30042318 649.88339285
540.74517251 543.39806591 546.01507568 548.59744402 551.14633331 553.66283321 556.14796693 558.60269691 561.0279298 563.42452095 565.79327849 568.13496692 570.45031043 572.73999584 575.00467532 577.24496883 579.46146632 581.65472981 583.82529521 585.97367402 588.10035494 590.20580524 592.29047209 594.35478382 596.399151 598.42396748 600.42961136 602.41644588 604.38482022 606.33507032 608.26751953 610.1824793 612.08024983 613.9611206 615.82537092 617.67327046 619.50507969 621.32105037 623.1214259 624.90644175 626.67632585 628.43129887 630.1715746 631.89736023 633.60885666 635.30625873 636.98975553 638.65953059 640.31576217 641.95862341 643.58828259 645.20490329 646.80864461 648.39966131
538.33391653 541.02267684 543.67400335 546.2892437 548.86965594 551.41641679 553.93062888 556.41332726 558.8654851 561.28801887 563.68179289 566.04762351 568.38628278 570.69850182 572.98497384 575.2463569 577.48327639 579.6963273 581.8860763 584.05306361 586.19780476 588.32079214 590.42249651 592.50336826 594.56383873 596.6043213 598.62521243 600.62689267 602.60972757 604.57406845 606.52025325 608.44860721 610.35944357 612.25306417 614.12976005 615.98981201 617.83349108 619.66105906 621.47276889 623.26886516 625.04958441 626.8151556 628.56580038 630.30173344 632.02316283 633.73029027 635.42331137 637.10241595 638.76778822 640.4196071 642.05804634 643.6832748 645.29545662 646.89475141
535.86046628 538.58732803 541.275054 543.92511152 546.5388669 549.11759501 551.66248781 554.17466172 556.65516432 559.1049802 561.52503624 563.91620629 566.27931542 568.61514367 570.92442953 573.20787298 575.46613833 577.69985671 579.90962847 582.0960252 584.25959172 586.40084779 588.52028976 590.61839206 592.69560851 594.75237363 596.78910378 598.80619822 600.80404009 602.78299736 604.74342366 606.68565904 608.61003076 610.51685394 612.40643219 614.2790582 616.13501434 617.97457312 619.7979977 621.60554235 623.39745287 625.17396698 626.93531472 628.68171877 630.41339481 632.13055181 633.83339234 635.52211286 637.19690395 638.85795058 640.50543234 642.13952365 643.76039401 645.36820813
533.32122007 536.08865249 538.81507325 541.50208626 544.15118092 546.76374338 549.34106642 551.88435814 554.39474963 556.87330177 559.32101125 561.738816 564.12759998 566.48819748 568.82139704 571.12794495 573.40854836 575.66387818 577.89457169 580.10123486 582.28444453 584.44475034 586.58267659 588.6987238 590.79337028 592.86707351 594.92027137 596.95338338 598.96681174 600.96094237 602.93614581 604.89277811 606.83118159 608.75168563 610.65460735 612.54025224 614.40891475 616.26087892 618.0964188 619.91579905 621.71927532 623.5070947 625.27949617 627.03671092 628.77896273 630.50646832 632.21943765 633.91807422 635.60257536 637.27313249 638.92993136 640.5731523 642.20297046 643.81955599
530.71218511 533.52292819 536.29058339 539.01691139 541.70354233 544.35198906 546.96365885 549.53986346 552.08182816 554.59069958 557.06755272 559.51339711 561.9291824 564.31580324 566.67410373 569.0048814 571.30889079 573.58684665 575.8394269 578.0672753 580.27100379 582.45119475 584.60840297 586.74315749 588.85596329 590.9473028 593.01763731 595.06740831 597.09703865 599.10693367 601.0974822 603.06905752 605.02201822 606.95670905 608.87346164 610.77259522 612.65441726 614.5192241 616.36730153 618.19892527 620.01436153 621.81386743 623.59769146 625.36607391 627.1192472 628.85743629 630.580859 632.28972634 633.9842428 635.66460664 637.33101016 638.98363997 640.62267719 642.24829771
528.02891523 530.88602328 533.69773502 536.4659922 539.19258677 541.87917674 544.52729995 547.13838604 549.71376699 552.25468628 554.76230703 557.23771921 559.68194598 562.0959494 564.48063545 566.83685863 569.16542597 571.46710076 573.7426058 575.99262644 578.21781326 580.41878456 582.59612855 584.75040548 586.88214943 588.99187005 591.08005414 593.14716707 595.19365409 597.21994161 599.22643826 601.21353597 603.1816109 605.13102438 607.06212368 608.97524281 610.87070326 612.7488146 614.60987516 616.45417258 618.28198434 620.09357831 621.88921317 623.6691389 625.43359715 627.18282168 628.91703867 630.63646714 632.34131918 634.03180036 635.70810992 637.37044111 639.01898142 640.65391284
525.26643525 528.1733299 531.03224883 533.84534434 536.61459565 539.34182801 542.02872909 544.67686329 547.28768407 549.86254483 552.4027084 554.90935543 557.38359174 559.82645493 562.23892022 564.62190562 566.97627659 569.30285027 571.60239919 573.87565467 576.12330991 578.34602273 580.54441813 582.71909052 584.87060588 586.99950364 589.1062984 591.19148156 593.2555228 595.29887138 597.32195743 599.32519309 601.30897355 603.27367803 605.21967072 607.14730159 609.05690718 610.94881133 612.82332585 614.68075117 616.52137689 618.34548238 620.15333722 621.94520178 623.72132758 625.48195775 627.22732744 628.95766415 630.67318814 632.37411269 634.06064447 635.73298378 637.39132488 639.0358562
522.41914831 525.37968357 528.28934515 531.15053199 533.96544156 536.73609306 539.4643472 542.15192324 544.80041381 547.4112977 549.98595108 552.52565732 555.03161562 557.50494867 559.94670937 562.35788686 564.73941189 567.09216157 569.4169637 571.7146006 573.98581261 576.23130122 578.45173193 580.64773678 582.81991677 584.96884395 587.09506336 589.19909485 591.2814347 593.34255712 595.3829156 597.40294423 599.40305883 601.38365804 603.34512432 605.28782489 607.21211256 609.11832653 611.00679316 612.8778266 614.7317295 616.56879355 618.38930007 620.19352052 621.981717 623.75414268 625.51104227 627.25265237 628.97920188 630.69091238 632.3879984 634.07066779 635.73912197 637.39355625
519.48072117 522.49926408 525.46365785 528.37659266 531.24052232 534.0576926 536.8301653 539.55983895 542.24846643 544.89767043 547.50895665 550.08372544 552.623282 555.12884523 557.60155568 560.04248248 562.45262955 564.83294111 567.18430659 569.50756509 571.8035093 574.07288907 576.31641469 578.53475974 580.72856376 582.89843466 585.04495091 587.16866351 589.27009783 591.34975531 593.40811493 595.44563467 597.46275278 599.45988897 601.43744554 603.39580837 605.33534785 607.2564198 609.15936625 611.04451618 612.91218625 614.76268144 616.59629565 618.41331226 620.21400472 621.99863694 623.76746386 625.52073181 627.25867898 628.98153574 630.68952504 632.38286274 634.06175794 635.72641325
516.44394075 519.5254725 522.54912819 525.51794515 528.43468074 531.30184749 534.12174272 536.89647376 539.6279794 542.3180484 544.96833538 547.5803747 550.15559242 552.6953169 555.20078796 557.6731651 560.11353465 562.52291619 564.9022682 567.25249319 569.5744422 571.86891886 574.13668315 576.37845459 578.59491535 580.78671287 582.95446237 585.0987491 587.22013035 589.31913733 591.39627691 593.45203313 595.48686868 597.50122622 599.49552957 601.47018488 603.42558161 605.36209356 607.28007969 609.17988501 611.06184128 612.9262678 614.77347201 616.60375013 618.41738775 620.21466036 621.99583385 623.76116498 625.51090184 627.24528423 628.96454411 630.66890589 632.35858682 634.03379733
513.30053254 516.45077665 519.53887263 522.56827566 525.54210597 528.4631929 531.33411185 534.15721529 536.93465911 539.66842513 542.36034028 545.01209326 547.62524887 550.20126053 552.74148117 555.24717287 557.7195152 560.15961276 562.5685017 564.94715565 567.29649091 569.61737118 571.9106117 574.1769831 576.41721472 578.63199777 580.82198805 582.98780851 585.13005155 587.24928109 589.34603453 591.42082446 593.47414025 595.50644958 597.51819975 599.50981892 601.48171728 603.43428812 605.36790876 607.28294153 609.17973455 611.05862255 612.91992757 614.76395967 616.59101752 618.40138902 620.19535185 621.97317393 623.73511399 625.48142194 627.21233933 628.92809974 630.62892915 632.31504629
510.04092774 513.26651493 516.4250162 519.5203954 522.55621103 525.5356724 528.46168612 531.33689492 534.16371028 536.94434005 539.68081193 542.37499359 545.02861002 547.64325844 550.22042135 552.76147786 555.2677136 557.74032952 560.18044954 562.58912743 564.96735281 567.31605666 569.63611603 571.92835846 574.19356584 576.43247789 578.64579539 580.83418295 582.99827169 585.13866157 587.25592353 589.35060146 591.42321399 593.47425615 595.50420086 597.51350031 599.50258723 601.47187611 603.42176422 605.35263266 607.26484725 609.15875942 611.03470701 612.89301498 614.73399613 616.55795171 618.36517206 620.15593715 621.93051709 623.68917264 625.43215565 627.1597095 628.8720695 630.56946328
506.65396021 509.96264344 513.19847989 516.36606046 519.46947922 522.51240606 525.49814613 528.42968902 531.3097497 534.14080285 536.92511188 539.66475353 542.36163895 545.01753181 547.63406389 550.21274862 552.75499291 555.2621075 557.73531597 560.17576278 562.58452035 564.9625953 567.3109341 569.63042798 571.92191747 574.18619638 576.42401542 578.63608544 580.82308042 582.98564008 585.12437235 587.23985558 589.33264053 591.40325222 593.45219161 595.47993715 597.4869462 599.47365633 601.44048651 603.38783826 605.31609661 607.22563111 609.11679666 610.98993436 612.84537225 614.68342602 616.50439966 618.30858606 620.09626762 621.86771672 623.62319629 625.36296021 627.0872538 628.79631419
503.12646546 506.52740533 509.84870551 513.095741 516.27326897 519.38552438 522.43629732 525.4289962 528.36669987 531.25220084 534.08804158 536.87654495 539.61984016 542.3198848 544.9784838 547.59730577 550.17789709 552.72169427 555.23003469 557.70416602 560.1452545 562.55439235 564.93260421 567.28085294 569.60004481 571.8910341 574.15462724 576.39158653 578.60263351 580.78845201 582.94969086 585.08696643 587.20086486 589.29194417 591.36073611 593.4077479 595.43346384 597.43834674 599.42283924 601.38736508 603.3323302 605.25812383 607.1651194 609.05367549 610.92413664 612.77683413 614.61208669 616.43020118 618.23147319 620.01618768 621.78461943 623.53703363 625.27368633 626.99482487
499.44273997 502.94689078 506.36329389 509.69832099 512.95756254 516.14595634 519.26788996 522.32728344 525.32765659 528.27218436 531.16374266 534.00494666 536.798183 539.54563703 542.24931596 544.91106882 547.53260348 550.11550145 552.66123075 555.17115709 557.64655374 560.0886101 562.49843938 564.87708531 567.22552819 569.54469019 571.83544013 574.0985978 576.33493778 578.5451929 580.73005741 582.89018976 585.02621522 587.13872818 589.22829429 591.29545242 593.3407164 595.3645767 597.36750184 599.34993984 601.31231945 603.2550513 605.17852899 607.08313008 608.96921701 610.83713794 612.68722757 614.51980782 616.33518858 618.13366829 619.91553458 621.68106477 623.43052645 625.16417792
495.58379637 499.20443984 502.72752061 506.16070128 509.51063761 512.78315522 515.98338843 519.11589047 522.18472207 525.19352344 528.14557314 531.04383684 533.89100787 536.68954128 539.44168256 542.14949207 544.81486593 547.43955393 550.02517505 552.57323087 555.08511729 557.56213478 560.00549735 562.4163405 564.79572826 567.14465936 569.46407284 571.75485295 574.01783361 576.25380238 578.46350405 580.64764386 582.80689044 584.94187846 587.053211 589.14146181 591.20717725 593.25087812 595.27306136 597.27420159 599.25475244 601.21514796 603.1558037 605.0771179 606.97947244 608.86323384 610.72875407 612.5763714 614.40641117 616.21918641 618.01499857 619.7941381 621.55688499 623.30350934
491.52631128 495.27981362 498.92367417 502.46726488 505.9186304 509.28473824 512.57167126 515.78477808 518.92879206 522.00792658 525.0259521 527.98625912 530.89191005 533.74568234 536.55010452 539.3074866 542.01994585 544.6894288 547.31773003 549.90650851 552.45730162 554.97153739 557.45054525 559.89556538 562.30775699 564.68820561 567.03792958 569.3578858 571.64897487 573.91204567 576.14789951 578.35729382 580.54094549 582.69953388 584.8337036 586.94406694 589.03120615 591.0956755 593.13800316 595.15869293 597.15822577 599.13706132 601.09563914 603.03438002 604.95368705 606.85394669 608.73552972 610.59879214 612.44407601 614.27171019 616.08201109 617.8752833 619.65182023 621.41190468
487.24109519 491.14801333 494.93013031 498.59914096 502.16494337 505.63600439 509.01963462 512.32219898 515.54928033 518.70580833 521.79616225 524.82425377 527.79359447 530.70735122 533.5683921 536.37932468 539.1425283 541.86018125 544.53428402 547.16667914 549.75906829 552.31302703 554.83001768 557.31140051 559.75844355 562.1723312 564.55417185 566.90500465 569.22580545 571.51749217 573.78092958 576.01693353 578.22627481 580.40968264 582.56784775 584.70142523 586.81103709 588.89727457 590.96070032 593.00185025 595.02123538 597.01934341 598.99664025 600.95357134 602.89056293 604.80802324 606.70634355 608.58589914 610.44705025 612.2901429 614.11550971 615.92347059 617.71433345 619.48839483
482.69078829 486.77754498 490.72002051 494.53316657 498.22942357 501.81927583 505.31165825 508.71426018 512.03375662 515.27598708 518.4460956 521.54864212 524.58769175 527.56688727 530.4895085 533.35852133 536.17661851 538.9462539 541.66967133 544.34892917 546.98592127 549.58239498 552.13996668 554.66013526 557.14429387 559.59374019 562.00968542 564.39326229 566.74553201 569.06749058 571.36007429 573.62416472 575.86059315 578.07014454 580.25356112 582.41154566 584.54476433 586.65384941 588.73940166 590.80199252 592.84216611 594.86044107 596.85731221 598.83325203 600.78871217 602.72412464 604.63990309 606.53644384 608.41412692 610.27331702 612.11436437 613.93760549 615.74336402 617.53195134
477.82624215 482.12777394 486.25925408 490.24037866 494.08719319 497.81297718 501.42887072 504.94432941 508.36746197 511.70528536 514.96392097 518.14874759 521.26452234 524.31547732 527.3053978 530.23768595 533.11541339 535.94136476 538.71807421 541.44785602 544.13283071 546.77494715 549.37600159 551.93765405 554.46144249 556.94879513 559.40104127 561.81942066 564.20509188 566.55913965 568.88258134 571.17637275 573.44141329 575.67855059 577.88858462 580.0722714 582.23032642 584.36342759 586.47221804 588.55730856 590.61927992 592.6586849 594.67605015 596.67187799 598.64664789 600.60081801 602.53482645 604.44909255 606.34401796 608.21998771 610.07737119 611.91652301 613.73778386 615.54148125
472.58053471 477.14470705 481.50346223 485.68374701 489.70693297 493.59031216 497.34811299 500.99221214 504.53264674 507.97799143 511.33564139 514.61202858 517.81278944 520.94289684 524.00676508 527.0083344 529.95113981 532.83836743 535.67290122 538.45736188 541.19413961 543.88542172 546.53321614 549.13937155 551.70559469 554.23346529 556.72444904 559.17990895 561.60111523 563.98925397 566.3454349 568.67069811 570.96602013 573.2323193 575.47046057 577.68125983 579.86548774 582.02387322 584.15710661 586.2658425 588.35070233 590.41227669 592.45112749 594.46778989 596.46277409 598.43656694 600.38963345 602.32241816 604.2353464 606.12882543 608.00324555 609.85898109 611.69639131 613.51582123
466.85839655 471.75388234 476.39304548 480.81462134 485.04826869 489.11729922 493.04043395 496.83297986 500.50764479 504.07511799 507.54449372 510.92358687 514.2191726 517.43717095 520.58279148 523.66064768 526.67484884 529.6290744 532.52663472 535.37052127 538.16344833 540.90788794 543.60609931 546.26015387 548.87195658 551.44326424 553.97570131 556.47077355 558.92987997 561.35432325 563.74531885 566.10400308 568.43144024 570.72862887 572.99650743 575.23595928 577.44781717 579.63286724 581.79185269 583.92547701 586.03440693 588.11927511 590.18068255 592.21920081 594.23537402 596.22972071 598.20273551 600.15489067 602.08663751 603.99840765 605.89061431 607.76365333 609.61790421 611.45373111
460.51583629 465.84749328 470.84464903 475.56686943 480.05761125 484.34973962 488.46882947 492.43525051 496.26554263 499.97335631 503.57011527 507.06549556 510.4677796 513.78412298 517.02075892 520.18315729 523.27614999 526.30403108 529.2706374 532.17941442 535.03347022 537.83562037 540.58842531 543.29422181 545.95514965 548.57317428 551.15010625 553.68761792 556.18725796 558.65046389 561.07857305 563.47283223 565.83440611 568.16438471 570.46379004 572.73358192 574.97466326 577.1878847 579.37404885 581.533914 583.66819758 585.77757918 587.86270333 589.92418203 591.96259705 593.978502 595.97242421 597.94486651 599.8963088 601.82720953 603.738007 605.62912066 607.5009522 609.3538866
